#t	zeta	theta
0	0.9	0
0.032006812118304	0.89971852818544	0.038636131259411
0.064013624236609	0.89962332707256	0.077641289912499
0.096020436354913	0.89971216728058	0.11692346944165
0.12802724847322	0.89998211140994	0.15640038691556
0.16003406059152	0.90042958097303	0.19599915155782
0.19204087270983	0.90105042723501	0.23565585298427
0.22404768482813	0.90184000480401	0.27531508031216
0.25605449694643	0.90279324680412	0.31492938369644
0.28806130906474	0.90390474047683	0.35445869001424
0.32006812118304	0.90516880208645	0.39386968440344
0.35207493330135	0.90657955005124	0.43313516917023
0.38408174541965	0.9081309752846	0.47223341122291
0.41608855753796	0.90981700780697	0.51114748867675
0.44809536965626	0.9116315787793	0.54986464662023
0.48010218177456	0.91356867720973	0.58837567125221
0.51210899389287	0.91562240069616	0.62667429070953
0.54411580601117	0.91778699968572	0.66475660992305
0.57612261812948	0.92005691485609	0.70262058578728
0.60812943024778	0.92242680735143	0.74026554782339
0.64013624236609	0.92489158173426	0.77769176837876
0.67214305448439	0.92744640164329	0.81490008525772
0.7041498666027	0.93008669827212	0.85189157853859
0.736156678721	0.93280817190471	0.88866730221911
0.7681634908393	0.93560678685685	0.92522807026624
0.80017030295761	0.93847876027852	0.96157429564186
0.83217711507591	0.94142054536674	0.9977058799502
0.86418392719422	0.94442880962221	1.0336221505183
0.89619073931252	0.94750040885358	1.0693218409898
0.92819755143083	0.95063235769001	1.1048031108954
0.96020436354913	0.95382179740496	1.1400635991624
0.99221117566743	0.95706596188125	1.1751005061585
1.0242179877857	0.96036214255933	1.2099106986135
1.056224799904	0.96370765320698	1.244490831651
1.0882316120223	0.9670997953304	1.2788374821688
1.1202384241407	0.97053582501316	1.312947287936
1.152245236259	0.974012921923	1.3468170870219
1.1842520483773	0.97752816116649	1.3804440525217
1.2162588604956	0.98107848860041	1.4138258179917
1.2482656726139	0.98466070012749	1.4469605895366
1.2802724847322	0.98827142541358	1.4798472410946
1.3122792968505	0.99190711636688	1.5124853901215
1.3442861089688	0.99556404061719	1.5448754515744
1.3762929210871	0.99923828012784	1.5770186688184
1.4082997332054	1.0029257349662	1.6089171208087
1.4403065453237	1.0066221321523	1.6405737056309
1.472313357442	1.0103230394008	1.6719921011756
1.5043201695603	1.0140238834735	1.7031767043956
1.5363269816786	1.0177199727635	1.7341325511985
1.5683337937969	1.0214065236505	1.7648652195791
1.6003406059152	1.0250786900852	1.7953807190642
1.6323474180335	1.0287315958005	1.8256853699284
1.6643542301518	1.0323603684883	1.855785675927
1.6963610422701	1.0359601752436	1.8856881944861
1.7283678543884	1.0395262585465	1.9153994083713
1.7603746665067	1.0430539720416	1.9449256028392
1.792381478625	1.0465388153726	1.9742727521474
1.8243882907433	1.0499764673467	2.0034464190695
1.8563951028617	1.0533628167291	2.0324516707334
1.88840191498	1.0566939900132	2.0612930136778
1.9204087270983	1.0599663755651	2.0899743505213
1.9524155392166	1.0631766436065	2.1184989600548
1.9844223513349	1.06632176158	2.1468695019337
2.0164291634532	1.0693990045255	2.1750880464534
2.0484359755715	1.0724059601901	2.2031561291753
2.0804427876898	1.0753405286954	2.231074829424
2.1124495998081	1.0782009166895	2.2588448709395
2.1444564119264	1.0809856260196	2.2864667422337
2.1764632240447	1.0836934370656	2.3139408335029
2.208470036163	1.0863233869851	2.3412675862933
2.2404768482813	1.0888747432194	2.3684476515214
2.2724836603996	1.0913469727099	2.3954820509331
2.3044904725179	1.0937397073644	2.4223723366536
2.3364972846362	1.096052706395	2.4491207431502
2.3685040967545	1.0982858162196	2.4757303257083
2.4005109088728	1.1004389286826	2.5022050794178
2.4325177209911	1.1025119383943	2.5285500326912
2.4645245331094	1.1045047000245	2.5547713094795
2.4965313452277	1.1064169864041	2.5808761546381
2.528538157346	1.1082484482932	2.6068729172998
2.5605449694643	1.1099985766634	2.6327709876481
2.5925517815826	1.1116666683145	2.6585806831414
2.624558593701	1.1132517956055	2.684313081007
2.6565654058193	1.114752781024	2.7099797946941
2.6885722179376	1.1161681772476	2.7355926929399
2.7205790300559	1.1174962532684	2.7611635611377
2.7525858421742	1.1187349870598	2.7867037057999
2.7845926542925	1.119882065157	2.812223504046
2.8165994664108	1.1209348894131	2.837731901217
2.8486062785291	1.1218905910731	2.8632358608863
2.8806130906474	1.1227460521802	2.8887397726975
2.9126199027657	1.1234979342085	2.9142448245764
2.944626714884	1.1241427136806	2.9397483469356
2.9766335270023	1.1246767244097	2.965243137474
3.0086403391206	1.1250962058757	2.9907167760726
3.0406471512389	1.1253973571343	3.016150940065
3.0726539633572	1.1255763955423	3.0415207308138
3.1046607754755	1.1256296194859	3.0667940230273
3.1366675875938	1.125553474208	3.0919308485961
3.1686743997121	1.125344619755	3.1168828269077
3.2006812118304	1.125	3.1415926535898
