1	4.7565006
2	4.7564283
3	4.7563722
4	4.7545596
5	4.7541894
6	4.7535993
7	4.7531145
8	4.7517204
9	4.7513388
10	4.750257
11	4.7497407
12	4.7495636
13	4.7490578
14	4.7488427
15	4.7484787
16	4.748143
17	4.7478461
18	4.7477952
19	4.7477011
20	4.7475318
21	4.7476045
22	4.7469265
23	4.7468285
24	4.7466431
25	4.7464898
26	4.7465687
27	4.7465104
28	4.74654
29	4.7467073
30	4.7465768
31	4.7463847
32	4.7463544
33	4.7464243
34	4.7463097
35	4.746492
36	4.7463845
37	4.74636
38	4.7463951
39	4.7465814
40	4.7467177
41	4.746738
42	4.7467538
43	4.7466937
44	4.7466603
45	4.7465995
46	4.7465994
47	4.7466967
48	4.7467431
49	4.7465922
50	4.7466349
51	4.746598
52	4.7466995
53	4.7470574
54	4.7467353
55	4.7467505
56	4.7466116
57	4.746579
58	4.7467715
59	4.7469074
60	4.7467495
61	4.746856
62	4.7468777
63	4.7468471
64	4.7468605
65	4.7469954
66	4.7469405
67	4.7469649
68	4.7468593
69	4.7467257
70	4.7467992
71	4.7469032
72	4.7468705
73	4.746791
74	4.746685
75	4.746731
76	4.7469099
77	4.7470029
78	4.7469019
79	4.7469901
80	4.7470262
81	4.7468845
82	4.7467944
83	4.7467436
84	4.7466382
85	4.7466086
86	4.7465357
87	4.7465622
88	4.7465905
89	4.7465655
90	4.7465326
91	4.7466902
92	4.7467543
93	4.7465918
94	4.746572
95	4.7465067
96	4.7464796
97	4.7464195
98	4.7466244
99	4.7465823
100	4.746532
101	4.7465585
102	4.7465619
103	4.7465568
104	4.7465479
105	4.7465908
106	4.7465438
107	4.7465675
108	4.7467311
109	4.7465618
110	4.7463011
111	4.7464505
112	4.7462854
113	4.7462874
114	4.7463527
115	4.7464019
116	4.7465286
117	4.7464338
118	4.7464943
119	4.7464737
120	4.7465148
121	4.7465576
122	4.7464889
123	4.7465345
124	4.7465505
125	4.7465398
126	4.7466234
127	4.7465563
128	4.7464168
129	4.7464172
130	4.7463433
131	4.7463839
132	4.7462559
133	4.7464519
134	4.7465574
135	4.7466134
136	4.7466241
137	4.7467169
138	4.7466799
139	4.7465244
140	4.7463863
141	4.7464845
142	4.7464089
143	4.7463959
144	4.7463638
145	4.7464007
146	4.746294
147	4.7462021
148	4.7462027
149	4.7462568
150	4.7462021
151	4.7460729
152	4.7460505
153	4.746193
154	4.7462662
155	4.7461438
156	4.7460374
157	4.7460166
158	4.7460346
159	4.7459906
160	4.7459884
161	4.7460978
162	4.7461656
163	4.7462294
164	4.7463468
165	4.7465201
166	4.7464552
167	4.7463513
168	4.7463731
169	4.7461697
170	4.7462419
171	4.7462747
172	4.7461109
173	4.7461125
174	4.7461005
175	4.7462001
176	4.7461144
177	4.7459889
178	4.7459558
179	4.7459447
180	4.7458493
181	4.7458554
182	4.7460064
183	4.7459929
184	4.7458852
185	4.7459708
186	4.7458169
187	4.7458816
188	4.7457749
189	4.7458259
190	4.7459072
191	4.7458592
192	4.7458345
193	4.745828
194	4.7458748
195	4.745922
196	4.7461686
197	4.7458954
198	4.7459335
199	4.7458794
200	4.745788
201	4.7459019
202	4.7457705
203	4.7456899
204	4.7457575
205	4.7457213
206	4.7457577
207	4.7456259
208	4.7456075
209	4.7454891
210	4.7455991
211	4.7455419
212	4.7455765
213	4.7455979
214	4.745649
215	4.7458202
216	4.7456828
217	4.7456871
218	4.7456828
219	4.7456326
220	4.7456009
221	4.7455922
222	4.7453364
223	4.7454008
224	4.7452775
225	4.7453666
226	4.7453678
227	4.7454065
228	4.7454002
229	4.7453972
230	4.7454593
231	4.7455121
232	4.7456282
233	4.7456374
234	4.7456037
235	4.7454758
236	4.7453354
237	4.7455092
238	4.7455831
239	4.7456069
240	4.7454342
241	4.7454362
242	4.7451869
243	4.7451474
244	4.7451509
245	4.7452399
246	4.7452228
247	4.7451703
248	4.745512
249	4.7450612
250	4.7451698
251	4.7453544
252	4.7453699
253	4.7453308
254	4.745547
255	4.7455089
256	4.7455471
257	4.7453238
258	4.7453165
259	4.7453582
260	4.7454965
261	4.7456276
262	4.7454212
263	4.7454574
264	4.7455174
265	4.7455345
266	4.7455118
267	4.7454951
268	4.7454102
269	4.7454981
270	4.7456478
271	4.7456379
272	4.7458567
273	4.7455557
274	4.7454933
275	4.7455302
276	4.7455539
277	4.7454303
278	4.7454051
279	4.7454771
280	4.7453628
281	4.7454419
282	4.745468
283	4.7456789
284	4.7456546
285	4.7454438
286	4.7454806
287	4.7457891
288	4.7455683
289	4.7456274
290	4.7455505
291	4.7455338
292	4.7454111
293	4.7453718
294	4.7454633
295	4.7454246
296	4.7455544
297	4.7455007
298	4.7452171
299	4.7453224
300	4.7454142
301	4.745472
302	4.7453335
303	4.7456596
304	4.745452
305	4.745108
306	4.7451978
307	4.7452168
308	4.7452991
309	4.7451844
310	4.7452678
311	4.7453727
312	4.7453423
313	4.7452652
314	4.7453824
315	4.7453807
316	4.7455207
317	4.7454027
318	4.7454332
319	4.7454134
320	4.7453465
321	4.7453313
322	4.7452716
323	4.7452958
324	4.7451707
325	4.7451248
326	4.745151
327	4.7451132
328	4.7451051
329	4.7451075
330	4.7451084
331	4.7450862
332	4.7450782
333	4.745042
334	4.744941
335	4.7450558
336	4.7450649
337	4.745078
338	4.7453254
339	4.7453296
340	4.745297
341	4.745192
342	4.7450933
343	4.7450995
344	4.7451733
345	4.745078
346	4.7451801
347	4.7450659
348	4.7448905
349	4.7449122
350	4.7449533
351	4.7448413
352	4.7448752
353	4.7449183
354	4.7449142
355	4.7448969
356	4.7450159
357	4.74483
358	4.7447725
359	4.7448496
360	4.7446795
361	4.7446854
362	4.7447989
363	4.7448161
364	4.7447502
365	4.7447826
366	4.7447662
367	4.7448535
368	4.7447534
369	4.7447118
370	4.7445973
371	4.7445677
372	4.7445955
373	4.7446394
374	4.7446371
375	4.7446133
376	4.7445079
377	4.7445187
378	4.7445291
379	4.7446417
380	4.7445447
381	4.7445409
382	4.7445473
383	4.7445847
384	4.7444556
385	4.7444889
386	4.7446025
387	4.7445275
388	4.7445931
389	4.7444738
390	4.7443827
391	4.744368
392	4.7444687
393	4.7444707
394	4.7445548
395	4.7447248
396	4.7445837
397	4.7444417
398	4.7443698
399	4.7443034
400	4.7443717
401	4.7445133
402	4.7444603
403	4.7443693
404	4.7444751
405	4.744737
406	4.7445333
407	4.7443298
408	4.7444455
409	4.7444554
410	4.7443961
411	4.7442327
412	4.7442505
413	4.7442117
414	4.7443012
415	4.7443314
416	4.7441583
417	4.7441471
418	4.7441241
419	4.7442079
420	4.7441781
421	4.744192
422	4.7442522
423	4.7441301
424	4.7441409
425	4.7442064
426	4.7440525
427	4.7440388
428	4.74397
429	4.7442397
430	4.7441655
431	4.7442456
432	4.744285
433	4.7440612
434	4.7438784
435	4.7439387
436	4.7439394
437	4.7440923
438	4.7442134
439	4.7440157
440	4.7440551
441	4.7441267
442	4.7440682
443	4.7440193
444	4.7439934
445	4.7440495
446	4.7439896
447	4.7441151
448	4.7440043
449	4.7440165
450	4.7441367
451	4.7443023
452	4.7442852
453	4.7443087
454	4.7443294
455	4.7443304
456	4.7441605
457	4.7440758
458	4.7441795
459	4.7440425
460	4.744064
461	4.7442456
462	4.7440532
463	4.7440547
464	4.7439357
465	4.7439589
466	4.7440239
467	4.7438564
468	4.7436568
469	4.7436549
470	4.7437194
471	4.743645
472	4.743586
473	4.7436005
474	4.7434275
475	4.743576
476	4.7435971
477	4.7434655
478	4.7435518
479	4.7436112
480	4.7435894
481	4.7435454
482	4.7435686
483	4.7435808
484	4.743581
485	4.743427
486	4.743399
487	4.7434443
488	4.7435871
489	4.7437924
490	4.7438306
491	4.7436025
492	4.7435115
493	4.7435022
494	4.7434285
495	4.7434579
496	4.7434393
497	4.7434909
498	4.743677
499	4.743545
500	4.7435392
501	4.7436864
502	4.7437678
503	4.7440371
504	4.7440571
505	4.7436146
506	4.7435676
507	4.7435906
508	4.7435734
509	4.743607
510	4.7436315
511	4.7436315
512	4.7436429
513	4.7435611
514	4.7436521
515	4.7435705
516	4.7435529
517	4.7436381
518	4.7437559
519	4.7436637
520	4.7436186
521	4.743535
522	4.7436627
523	4.7435825
524	4.7438546
525	4.7437142
526	4.7437328
527	4.7436909
528	4.7436233
529	4.7435774
530	4.7437559
531	4.7437468
532	4.7437322
533	4.7435685
534	4.7436543
535	4.7437159
536	4.7438729
537	4.7437712
538	4.7437639
539	4.7438678
540	4.7438078
541	4.7438484
542	4.7438291
543	4.7437882
544	4.7436924
545	4.743852
546	4.7438866
547	4.7438186
548	4.7435218
549	4.7436744
550	4.7435589
551	4.7434161
552	4.7434853
553	4.7435162
554	4.743415
555	4.7434006
556	4.7433941
557	4.7433675
558	4.7433143
559	4.7433114
560	4.7433794
561	4.743569
562	4.7434102
563	4.7435463
564	4.7434128
565	4.7435427
566	4.7433702
567	4.7434938
568	4.7434314
569	4.7435021
570	4.7434037
571	4.7434469
572	4.7436737
573	4.7435779
574	4.7434663
575	4.7433691
576	4.7433771
577	4.7434193
578	4.7433403
579	4.7433848
580	4.7435623
581	4.7439206
582	4.7437413
583	4.7435576
584	4.7435002
585	4.7435118
586	4.743441
587	4.7435516
588	4.7436644
589	4.7438792
590	4.7438594
591	4.7436855
592	4.7433598
593	4.7433053
594	4.7433609
595	4.7433955
596	4.7433478
597	4.7433558
598	4.7433109
599	4.7431892
600	4.7432257
601	4.7431373
602	4.7431883
603	4.7432565
604	4.7432309
605	4.7431544
606	4.7431769
607	4.7431444
608	4.7431973
609	4.7432499
610	4.7431564
611	4.7432454
612	4.7431723
613	4.7432458
614	4.7432043
615	4.7431958
616	4.7431233
617	4.7432005
618	4.7433401
619	4.7433165
620	4.7431866
621	4.7431713
622	4.7432049
623	4.7433626
624	4.743401
625	4.7433237
626	4.7433363
627	4.7433546
628	4.7432851
629	4.7432985
630	4.7432268
631	4.7432672
632	4.7434571
633	4.743217
634	4.7433128
635	4.7432119
636	4.7431498
637	4.7431476
638	4.7431531
639	4.7431686
640	4.7432317
641	4.7431202
642	4.7432884
643	4.7432142
644	4.7431599
645	4.7431545
646	4.7432423
647	4.7434129
648	4.743414
649	4.7434246
650	4.7434093
651	4.7435566
652	4.7433932
653	4.7432829
654	4.7434584
655	4.7436223
656	4.7434591
657	4.7434004
658	4.7432961
659	4.7432644
660	4.7431923
661	4.7433243
662	4.7434627
663	4.7434764
664	4.7434073
665	4.7434079
666	4.7434494
667	4.7434031
668	4.7435005
669	4.7434545
670	4.7434843
671	4.7435267
672	4.743527
673	4.7435462
674	4.7435323
675	4.7435852
676	4.7435439
677	4.743452
678	4.743423
679	4.7434059
680	4.7434824
681	4.7434183
682	4.7433256
683	4.7433472
684	4.7433263
685	4.7432244
686	4.7432304
687	4.7432458
688	4.7434041
689	4.7433588
690	4.7434728
691	4.7435334
692	4.7434402
693	4.7433251
694	4.7433869
695	4.7433594
696	4.7431399
697	4.7431818
698	4.7432232
699	4.7432209
700	4.7431608
701	4.7432911
702	4.7431198
703	4.7431722
704	4.7431194
705	4.7429084
706	4.7428888
707	4.7431897
708	4.7431845
709	4.7431718
710	4.7431226
711	4.743171
712	4.7432673
713	4.7432384
714	4.7434204
715	4.7434292
716	4.7433263
717	4.743479
718	4.7434456
719	4.7432033
720	4.7433208
721	4.743201
722	4.7432519
723	4.7432571
724	4.7432841
725	4.7432008
726	4.7432068
727	4.7432824
728	4.7433165
729	4.7432753
730	4.7431762
731	4.743212
732	4.7432352
733	4.7433449
734	4.7432184
735	4.7432254
736	4.7432343
737	4.7432755
738	4.7433528
739	4.7434724
740	4.7434107
741	4.743166
742	4.7430877
743	4.7430154
744	4.7431615
745	4.743245
746	4.7432801
747	4.7430768
748	4.7430051
749	4.743053
750	4.7431104
751	4.7430164
752	4.7429799
753	4.7431417
754	4.7430095
755	4.7429183
756	4.742986
757	4.7430158
758	4.7429595
759	4.742925
760	4.7429345
761	4.7430251
762	4.7430084
763	4.7428956
764	4.7429716
765	4.7430033
766	4.7429898
767	4.7430211
768	4.7432395
769	4.7430086
770	4.7428943
771	4.7429899
772	4.7431529
773	4.7431292
774	4.7431885
775	4.7432574
776	4.7431622
777	4.7432173
778	4.7433044
779	4.7430511
780	4.7430441
781	4.7431916
782	4.7431538
783	4.7428826
784	4.7428323
785	4.742758
786	4.7428262
787	4.7430048
788	4.743066
789	4.7432585
790	4.7431975
791	4.7428631
792	4.7429064
793	4.7430707
794	4.7431255
795	4.7431362
796	4.743206
797	4.7429738
798	4.7429174
799	4.7430123
800	4.7432879
801	4.7432678
802	4.7431297
803	4.7430739
804	4.7430753
805	4.7429146
806	4.7428576
807	4.7428462
808	4.7427243
809	4.742691
810	4.7426207
811	4.7428916
812	4.7429387
813	4.7425949
814	4.7426893
815	4.7427045
816	4.7426318
817	4.7426811
818	4.7426591
819	4.7428015
820	4.7428846
821	4.7430278
822	4.7430426
823	4.743125
824	4.7430091
825	4.7430684
826	4.7431881
827	4.7433318
828	4.7430089
829	4.7428465
830	4.7428721
831	4.7426914
832	4.7427115
833	4.7428647
834	4.7427332
835	4.7426061
836	4.7426003
837	4.7425968
838	4.7425309
839	4.7427125
840	4.7426179
841	4.7425886
842	4.7425522
843	4.7425571
844	4.7426752
845	4.7425539
846	4.7425332
847	4.7426061
848	4.7425691
849	4.7425822
850	4.7426275
851	4.7425526
852	4.7425819
853	4.7425936
854	4.7425869
855	4.7426235
856	4.7425105
857	4.7425125
858	4.7426133
859	4.7426552
860	4.7425807
861	4.7425572
862	4.7426139
863	4.7426149
864	4.7426728
865	4.7425724
866	4.7425985
867	4.7425933
868	4.7426089
869	4.7425504
870	4.7425679
871	4.7426166
872	4.7425264
873	4.7425492
874	4.7425249
875	4.7424722
876	4.7426801
877	4.7426653
878	4.7428541
879	4.7427165
880	4.7428341
881	4.7428001
882	4.7428063
883	4.7428156
884	4.7429497
885	4.7428484
886	4.7426443
887	4.7426318
888	4.7426117
889	4.7426115
890	4.7426159
891	4.7426042
892	4.7428357
893	4.7428294
894	4.7426915
895	4.7428059
896	4.7428262
897	4.742756
898	4.743045
899	4.743102
900	4.7429687
901	4.7427188
902	4.7427464
903	4.7427425
904	4.7426553
905	4.7427066
906	4.7427299
907	4.74273
908	4.7429363
909	4.7430853
910	4.7430758
911	4.7429981
912	4.7431528
913	4.743296
914	4.7430397
915	4.7427091
916	4.742681
917	4.7427375
918	4.7427752
919	4.742649
920	4.7427375
921	4.7426496
922	4.7426541
923	4.7426445
924	4.7426581
925	4.7425764
926	4.7425798
927	4.742677
928	4.7427487
929	4.7425805
930	4.7426387
931	4.7426451
932	4.7427388
933	4.7428024
934	4.7425045
935	4.7426543
936	4.7426421
937	4.7426781
938	4.7427357
939	4.742587
940	4.7426516
941	4.7425433
942	4.7425565
943	4.7425825
944	4.7425327
945	4.7426909
946	4.7426496
947	4.7427825
948	4.7427728
949	4.742582
950	4.7426056
951	4.7426754
952	4.7426449
953	4.7428567
954	4.7428241
955	4.7428003
956	4.7427826
957	4.7426235
958	4.7425426
959	4.7427042
960	4.7426807
961	4.7425439
962	4.7425078
963	4.7425248
964	4.7426269
965	4.7427226
966	4.7427319
967	4.7426869
968	4.7426949
969	4.742784
970	4.742637
971	4.7427981
972	4.7427026
973	4.7426527
974	4.7426605
975	4.7428614
976	4.7426835
977	4.7426607
978	4.7424756
979	4.7424642
980	4.7425622
981	4.7426403
982	4.7424824
983	4.7427472
984	4.7427816
985	4.7427775
986	4.7430916
987	4.7430657
988	4.742866
989	4.7427425
990	4.7426914
991	4.7426118
992	4.7426163
993	4.7426957
994	4.7426781
995	4.7427378
996	4.7426825
997	4.7426364
998	4.7427536
999	4.7427074
1000	4.7428734
1001	4.7428408
1002	4.7428066
1003	4.7430373
1004	4.7429372
1005	4.7430564
1006	4.7430103
1007	4.7431668
1008	4.7430841
1009	4.7429258
1010	4.7429175
1011	4.7429453
1012	4.7430533
1013	4.7430449
1014	4.7429538
1015	4.7429409
1016	4.7428621
1017	4.7429433
1018	4.7428902
1019	4.7428655
1020	4.7428684
1021	4.7427639
1022	4.7428644
1023	4.7428076
1024	4.742643
1025	4.7426812
1026	4.7425426
1027	4.7425688
1028	4.7426783
1029	4.7426892
1030	4.7426202
1031	4.7425911
1032	4.7425958
1033	4.7429116
1034	4.7428425
1035	4.7428406
1036	4.7426915
1037	4.7426909
1038	4.7426092
1039	4.7426241
1040	4.7425732
1041	4.7426437
1042	4.7426536
1043	4.7427096
1044	4.7427115
1045	4.7426062
1046	4.7426933
1047	4.7426775
1048	4.7427399
1049	4.7429387
1050	4.7430452
1051	4.7431701
1052	4.7428468
1053	4.7427564
1054	4.7427108
1055	4.7427652
1056	4.7428699
1057	4.7428965
1058	4.7428669
1059	4.7427862
1060	4.7428571
1061	4.7428418
1062	4.7430854
1063	4.7432784
1064	4.7434026
1065	4.7431629
1066	4.742791
1067	4.7428294
1068	4.7427491
1069	4.7427317
1070	4.7427325
1071	4.742907
1072	4.7427422
1073	4.7427942
1074	4.7427624
1075	4.7426668
1076	4.7425305
1077	4.7426687
1078	4.7425956
1079	4.742692
1080	4.7428873
1081	4.7428168
1082	4.7429265
1083	4.7428043
1084	4.7427922
1085	4.7428542
1086	4.7426765
1087	4.7426782
1088	4.742659
1089	4.7426855
1090	4.7427448
1091	4.7426387
1092	4.7426453
1093	4.7426982
1094	4.7427648
1095	4.7425846
1096	4.7425818
1097	4.7425043
1098	4.742544
1099	4.7426325
1100	4.7426194
1101	4.7426191
1102	4.7425312
1103	4.7426059
1104	4.7425738
1105	4.742602
1106	4.742666
1107	4.7425498
1108	4.7426763
1109	4.7427138
1110	4.742644
1111	4.7426104
1112	4.7425131
1113	4.7424999
1114	4.7426993
1115	4.7430296
1116	4.7431186
1117	4.7429163
1118	4.7425419
1119	4.7424972
1120	4.7426423
1121	4.7425584
1122	4.7425635
1123	4.7424527
1124	4.7424423
1125	4.7424698
1126	4.7425062
1127	4.7425049
1128	4.7425314
1129	4.7425938
1130	4.7425343
1131	4.7424492
1132	4.7423508
1133	4.7423664
1134	4.7423705
1135	4.7423695
1136	4.7423713
1137	4.7423973
1138	4.7424363
1139	4.7424851
1140	4.7426528
1141	4.7424088
1142	4.7424466
1143	4.7425376
1144	4.7425702
1145	4.7425644
1146	4.7425539
1147	4.7425862
1148	4.7424526
1149	4.7425119
1150	4.7425057
1151	4.742464
1152	4.7425287
1153	4.7425205
1154	4.7425426
1155	4.7424896
1156	4.7424646
1157	4.7426057
1158	4.742507
1159	4.7424681
1160	4.7424944
1161	4.7424689
1162	4.742557
1163	4.7425201
1164	4.7424952
1165	4.7425871
1166	4.7424816
1167	4.7425359
1168	4.7425366
1169	4.7425357
1170	4.7425119
1171	4.7424249
1172	4.7424613
1173	4.7424983
1174	4.7425689
1175	4.742535
1176	4.742518
1177	4.7425373
1178	4.7424805
1179	4.7424413
1180	4.7424362
1181	4.7424991
1182	4.7425421
1183	4.7425656
1184	4.742569
1185	4.7426201
1186	4.7425775
1187	4.7425096
1188	4.7426062
1189	4.7426119
1190	4.7424842
1191	4.7425289
1192	4.7424437
1193	4.7424772
1194	4.7424441
1195	4.742593
1196	4.7426923
1197	4.7426605
1198	4.7426231
1199	4.7426554
1200	4.7426341
1201	4.7427217
1202	4.7426211
1203	4.7426997
1204	4.7427132
1205	4.7425142
1206	4.7425222
1207	4.7426141
1208	4.7426448
1209	4.7426381
1210	4.7425735
1211	4.7425759
1212	4.7426322
1213	4.7426454
1214	4.7425318
1215	4.7424923
1216	4.7424787
1217	4.7424688
1218	4.7424091
1219	4.7424488
1220	4.7424825
1221	4.7425935
1222	4.7425404
1223	4.7426236
1224	4.7425395
1225	4.7424775
1226	4.7423994
1227	4.742366
1228	4.742461
1229	4.7427381
1230	4.7426728
1231	4.7425746
1232	4.7425901
1233	4.7426029
1234	4.7426881
1235	4.7426192
1236	4.7424713
1237	4.7425165
1238	4.7424523
1239	4.7424611
1240	4.7424626
1241	4.7425817
1242	4.7427479
1243	4.7426897
1244	4.7425612
1245	4.7424608
1246	4.7425769
1247	4.7423838
1248	4.7424264
1249	4.7424261
1250	4.7424986
1251	4.7424313
1252	4.7424422
1253	4.7425218
1254	4.742639
1255	4.7425213
1256	4.7424356
1257	4.7423437
1258	4.7423678
1259	4.7423425
1260	4.7424129
1261	4.7425664
1262	4.7424089
1263	4.7423547
1264	4.7423387
1265	4.7424072
1266	4.7424274
1267	4.7424912
1268	4.7426255
1269	4.7426272
1270	4.7426601
1271	4.742343
1272	4.7424981
1273	4.7425903
1274	4.7425605
1275	4.7424156
1276	4.7423727
1277	4.7424261
1278	4.7423644
1279	4.7423311
1280	4.7423738
1281	4.7423967
1282	4.7424041
1283	4.7424029
1284	4.7425204
1285	4.7423638
1286	4.7424233
1287	4.7426398
1288	4.7427241
1289	4.7427876
1290	4.7428553
1291	4.7429361
1292	4.7428083
1293	4.7426811
1294	4.7426942
1295	4.7425141
1296	4.7423945
1297	4.7424168
1298	4.7424355
1299	4.7423598
1300	4.7425281
1301	4.7424294
1302	4.7424378
1303	4.7424701
1304	4.742626
1305	4.742627
1306	4.742661
1307	4.7428513
1308	4.7427432
1309	4.7430927
1310	4.7428592
1311	4.742922
1312	4.742784
1313	4.7425379
1314	4.7425485
1315	4.7425322
1316	4.7424992
1317	4.7424087
1318	4.742387
1319	4.742468
1320	4.7425527
1321	4.7425744
1322	4.7425507
1323	4.7425739
1324	4.7425971
1325	4.7425943
1326	4.742563
1327	4.7425374
1328	4.7424951
1329	4.7425977
1330	4.7425633
1331	4.7425132
1332	4.7426155
1333	4.7425527
1334	4.7426008
1335	4.7425949
1336	4.742558
1337	4.742598
1338	4.7425617
1339	4.7424925
1340	4.7425064
1341	4.742395
1342	4.7424206
1343	4.7424656
1344	4.7424205
1345	4.7424398
1346	4.7424059
1347	4.7424089
1348	4.7423956
1349	4.7424085
1350	4.7424837
1351	4.742498
1352	4.7426057
1353	4.7426171
1354	4.742397
1355	4.7423466
1356	4.742415
1357	4.7423554
1358	4.7424603
1359	4.7423672
1360	4.7423558
1361	4.7422887
1362	4.7423479
1363	4.7423408
1364	4.742412
1365	4.7424099
1366	4.742428
1367	4.7424014
1368	4.7423627
1369	4.7423759
1370	4.7424283
1371	4.742495
1372	4.7424394
1373	4.74244
1374	4.7425141
1375	4.7424383
1376	4.7425063
1377	4.7424637
1378	4.742523
1379	4.7424033
1380	4.7423946
1381	4.742321
1382	4.7423153
1383	4.7424422
1384	4.7423835
1385	4.7423948
1386	4.7424656
1387	4.7423733
1388	4.7424936
1389	4.7425073
1390	4.7426481
1391	4.7426588
1392	4.7426731
1393	4.7427123
1394	4.7427354
1395	4.74307
1396	4.7430747
1397	4.742747
1398	4.7426117
1399	4.7424979
1400	4.7425069
1401	4.7424715
1402	4.7423902
1403	4.7424614
1404	4.7424311
1405	4.742433
1406	4.7424122
1407	4.7424415
1408	4.7424062
1409	4.7423976
1410	4.7423776
1411	4.742523
1412	4.7424846
1413	4.7423777
1414	4.7424369
1415	4.7425208
1416	4.7425956
1417	4.7425566
1418	4.7425188
1419	4.7424741
1420	4.7425305
1421	4.7425022
1422	4.7424412
1423	4.7425849
1424	4.7427549
1425	4.7426232
1426	4.7425944
1427	4.7425413
1428	4.7424949
1429	4.7424875
1430	4.7424193
1431	4.7424665
1432	4.7425341
1433	4.7426354
1434	4.7426352
1435	4.7426836
1436	4.7425976
1437	4.742546
1438	4.7424315
1439	4.742356
1440	4.7423712
1441	4.7424884
1442	4.7423915
1443	4.7423114
1444	4.7423784
1445	4.742344
1446	4.7425813
1447	4.7427533
1448	4.7426308
1449	4.742593
1450	4.7425092
1451	4.7427178
1452	4.7425505
1453	4.7425264
1454	4.7425391
1455	4.7424019
1456	4.7424978
1457	4.7425203
1458	4.7425155
1459	4.742443
1460	4.7424928
1461	4.7425523
1462	4.742655
1463	4.7426587
1464	4.7426635
1465	4.7425583
1466	4.7424405
1467	4.7424128
1468	4.7423833
1469	4.7424741
1470	4.7423768
1471	4.7425828
1472	4.7424264
1473	4.7424231
1474	4.7425481
1475	4.7424396
1476	4.7425671
1477	4.7425383
1478	4.7427718
1479	4.7424761
1480	4.74247
1481	4.7424414
1482	4.74251
1483	4.7425095
1484	4.7426035
1485	4.7427053
1486	4.7426773
1487	4.7424388
1488	4.7424245
1489	4.7426538
1490	4.7425608
1491	4.742585
1492	4.7427169
1493	4.7426831
1494	4.7428877
1495	4.7428526
1496	4.7428133
1497	4.7427035
1498	4.7426529
1499	4.7427194
1500	4.7425234
1501	4.7425273
1502	4.742653
1503	4.742502
1504	4.7424732
1505	4.7428435
1506	4.7428078
1507	4.7423963
1508	4.742462
1509	4.7423799
1510	4.7424339
1511	4.7424141
1512	4.742488
1513	4.7426503
1514	4.7425763
1515	4.7426967
1516	4.7425112
1517	4.7423457
1518	4.7424754
1519	4.7424495
1520	4.7424321
1521	4.7424226
1522	4.7424377
1523	4.742409
1524	4.7424153
1525	4.7424278
1526	4.7424621
1527	4.7426745
1528	4.742583
1529	4.7424837
1530	4.7424403
1531	4.742443
1532	4.7424172
1533	4.7424498
1534	4.7425692
1535	4.7424116
1536	4.7424303
1537	4.7426097
1538	4.742466
1539	4.7424286
1540	4.742472
1541	4.7424132
1542	4.7425638
1543	4.7425293
1544	4.7424956
1545	4.7424098
1546	4.7423784
1547	4.7423342
1548	4.7423858
1549	4.7424996
1550	4.7425868
1551	4.7426618
1552	4.7425283
1553	4.742523
1554	4.7426321
1555	4.7425302
1556	4.7425777
1557	4.742497
1558	4.7423749
1559	4.7423748
1560	4.7424914
1561	4.7423665
1562	4.7425005
1563	4.7424301
1564	4.742517
1565	4.7423786
1566	4.742404
1567	4.7423948
1568	4.7422973
1569	4.742366
1570	4.7423462
1571	4.742302
1572	4.7422797
1573	4.7422843
1574	4.7423031
1575	4.7422863
1576	4.7422706
1577	4.742262
1578	4.7422405
1579	4.7423222
1580	4.7423404
1581	4.7423124
1582	4.7423019
1583	4.7423095
1584	4.7422536
1585	4.7423326
1586	4.7423248
1587	4.7422947
1588	4.7423773
1589	4.7423502
1590	4.7424463
1591	4.742548
1592	4.7424056
1593	4.7425385
1594	4.7424879
1595	4.7424553
1596	4.7423524
1597	4.7423855
1598	4.742553
1599	4.7426854
1600	4.7427212
1601	4.7426461
1602	4.7426764
1603	4.7425139
1604	4.7425245
1605	4.7424881
1606	4.7423504
1607	4.7423326
1608	4.7424367
1609	4.7425491
1610	4.74261
1611	4.7424736
1612	4.7423704
1613	4.7423538
1614	4.7424716
1615	4.7424351
1616	4.7423912
1617	4.7422873
1618	4.7424142
1619	4.7424625
1620	4.7424611
1621	4.7424694
1622	4.7426986
1623	4.7427115
1624	4.7425272
1625	4.7426983
1626	4.7425694
1627	4.7425583
1628	4.7425271
1629	4.7425212
1630	4.7425211
1631	4.7425254
1632	4.7425763
1633	4.7425797
1634	4.7428602
1635	4.7429909
1636	4.7429516
1637	4.7428523
1638	4.7427932
1639	4.7426722
1640	4.7428458
1641	4.7427156
1642	4.742733
1643	4.7426563
1644	4.7425957
1645	4.7426463
1646	4.7427368
1647	4.7425737
1648	4.7424399
1649	4.7423907
1650	4.7423692
1651	4.7423857
1652	4.7424707
1653	4.742509
1654	4.7423712
1655	4.7424393
1656	4.7423824
1657	4.7423837
1658	4.7424823
1659	4.7424234
1660	4.7423801
1661	4.7424751
1662	4.7424598
1663	4.7423434
1664	4.7425181
1665	4.742461
1666	4.7424725
1667	4.7425524
1668	4.7425797
1669	4.7424671
1670	4.7424341
1671	4.7424625
1672	4.742417
1673	4.7426641
1674	4.7427922
1675	4.7426773
1676	4.7427405
1677	4.7427165
1678	4.7426171
1679	4.7424731
1680	4.7425651
1681	4.7424793
1682	4.7423746
1683	4.7423371
1684	4.7424122
1685	4.7423226
1686	4.7423409
1687	4.7424058
1688	4.7424096
1689	4.7427414
1690	4.7427256
1691	4.7424477
1692	4.7424161
1693	4.7424776
1694	4.742539
1695	4.7428498
1696	4.7427749
1697	4.7428152
1698	4.7426884
1699	4.7427352
1700	4.7427722
1701	4.742601
1702	4.7426905
1703	4.7426692
1704	4.7426116
1705	4.7425357
1706	4.7426218
1707	4.7425742
1708	4.7425809
1709	4.7424549
1710	4.742287
1711	4.7423005
1712	4.7423658
1713	4.7423302
1714	4.7423817
1715	4.7423447
1716	4.7423694
1717	4.7424019
1718	4.742384
1719	4.7424027
1720	4.7423673
1721	4.7424742
1722	4.7424258
1723	4.7424124
1724	4.7424637
1725	4.7424047
1726	4.7425364
1727	4.7423722
1728	4.7423728
1729	4.7423039
1730	4.7424477
1731	4.7424609
1732	4.7424807
1733	4.7423793
1734	4.742513
1735	4.7427606
1736	4.7426033
1737	4.7424261
1738	4.7423332
1739	4.7423921
1740	4.742295
1741	4.7424227
1742	4.7425201
1743	4.7424873
1744	4.7424294
1745	4.7424968
1746	4.7424828
1747	4.742607
1748	4.7425445
1749	4.7426216
1750	4.7424033
1751	4.7423529
1752	4.7423488
1753	4.742371
1754	4.7424256
1755	4.742541
1756	4.7424958
1757	4.7423841
1758	4.7423967
1759	4.7425528
1760	4.7427727
1761	4.7426656
1762	4.7425923
1763	4.7425984
1764	4.7427497
1765	4.7426488
1766	4.7430543
1767	4.7428827
1768	4.7428367
1769	4.7425279
1770	4.7424379
1771	4.7425778
1772	4.7424773
1773	4.7425188
1774	4.7424953
1775	4.7425122
1776	4.7424906
1777	4.7424508
1778	4.7424382
1779	4.7424449
1780	4.7423829
1781	4.7424446
1782	4.7424898
1783	4.7424782
1784	4.7424011
1785	4.7423022
1786	4.7423793
1787	4.7423652
1788	4.7423547
1789	4.7423542
1790	4.7424313
1791	4.7424521
1792	4.7425373
1793	4.7424334
1794	4.7423956
1795	4.7425208
1796	4.7423978
1797	4.7424425
1798	4.7424246
1799	4.7424334
1800	4.7423084
1801	4.7423544
1802	4.7424482
1803	4.7427598
1804	4.7426265
1805	4.7425472
1806	4.7425042
1807	4.7426189
1808	4.7426195
1809	4.7425044
1810	4.7423608
1811	4.74228
1812	4.7422968
1813	4.7423866
1814	4.7424364
1815	4.7422801
1816	4.7423103
1817	4.7423488
1818	4.7423253
1819	4.7423856
1820	4.7424067
1821	4.7423899
1822	4.7424114
1823	4.7423743
1824	4.7423167
1825	4.7423304
1826	4.7423586
1827	4.7423947
1828	4.7424482
1829	4.7426329
1830	4.7424469
1831	4.7422933
1832	4.7422335
1833	4.7424258
1834	4.7424637
1835	4.7423739
1836	4.7423417
1837	4.7424267
1838	4.7427709
1839	4.7430151
1840	4.7431039
1841	4.7427232
1842	4.7427761
1843	4.7427565
1844	4.7427617
1845	4.7426782
1846	4.7427241
1847	4.7426301
1848	4.7425102
1849	4.7425159
1850	4.7425966
1851	4.7425856
1852	4.7426041
1853	4.7426305
1854	4.7424899
1855	4.7425881
1856	4.7424157
1857	4.7425142
1858	4.7426001
1859	4.7426402
1860	4.7426196
1861	4.7425721
1862	4.7425713
1863	4.7425384
1864	4.742505
1865	4.7424768
1866	4.7423355
1867	4.7424315
1868	4.742414
1869	4.7423473
1870	4.7424246
1871	4.7424074
1872	4.7426594
1873	4.7425655
1874	4.7423876
1875	4.7423767
1876	4.742415
1877	4.7423758
1878	4.7424522
1879	4.742461
1880	4.7424273
1881	4.7424146
1882	4.7424131
1883	4.742634
1884	4.7426298
1885	4.7425071
1886	4.7426148
1887	4.7423864
1888	4.7424079
1889	4.7424146
1890	4.7423377
1891	4.7423795
1892	4.7423001
1893	4.7423417
1894	4.7424584
1895	4.7424566
1896	4.742516
1897	4.7426108
1898	4.7425662
1899	4.7424961
1900	4.7423385
1901	4.7423614
1902	4.7423467
1903	4.7424482
1904	4.7424241
1905	4.7423653
1906	4.7423804
1907	4.7423924
1908	4.7424996
1909	4.7425637
1910	4.7424528
1911	4.7424508
1912	4.7425234
1913	4.7424932
1914	4.7424526
1915	4.7424911
1916	4.7424615
1917	4.7424427
1918	4.7424268
1919	4.7423857
1920	4.7423673
1921	4.7424613
1922	4.7426252
1923	4.7423737
1924	4.7423241
1925	4.7423921
1926	4.7423703
1927	4.7424656
1928	4.7424581
1929	4.7424452
1930	4.742532
1931	4.7423837
1932	4.7423913
1933	4.7423543
1934	4.7425006
1935	4.7425444
1936	4.7423298
1937	4.7423842
1938	4.7424631
1939	4.7424875
1940	4.7427822
1941	4.7428535
1942	4.7428879
1943	4.7428093
1944	4.7427627
1945	4.7426977
1946	4.7426846
1947	4.7425008
1948	4.7425121
1949	4.7423763
1950	4.7423321
1951	4.742323
1952	4.7423376
1953	4.7423533
1954	4.7423445
1955	4.7423637
1956	4.7426099
1957	4.742497
1958	4.7423967
1959	4.7424383
1960	4.7424399
1961	4.7425711
1962	4.7424022
1963	4.7426431
1964	4.7428355
1965	4.7428375
1966	4.7424541
1967	4.7425667
1968	4.7424632
1969	4.7424512
1970	4.7424064
1971	4.7423195
1972	4.742282
1973	4.7423055
1974	4.7423511
1975	4.7423381
1976	4.7423162
1977	4.7423282
1978	4.7424229
1979	4.7424651
1980	4.7426399
1981	4.7425228
1982	4.7424318
1983	4.7424965
1984	4.7425294
1985	4.7425839
1986	4.7427174
1987	4.7427782
1988	4.7428199
1989	4.7426368
1990	4.7425269
1991	4.7428242
1992	4.7426194
1993	4.7425532
1994	4.7424934
1995	4.7425884
1996	4.7425267
1997	4.7426056
1998	4.7425079
1999	4.7424555
2000	4.7424423
2001	4.7427015
2002	4.7425684
2003	4.7423851
2004	4.7425041
2005	4.7425406
2006	4.742426
2007	4.7423558
2008	4.7423726
2009	4.7424438
2010	4.7424289
2011	4.7425865
2012	4.7424807
2013	4.7424339
2014	4.7424659
2015	4.7423562
2016	4.7424606
2017	4.742431
2018	4.7424524
2019	4.7425111
2020	4.7424717
2021	4.7424154
2022	4.742472
2023	4.7426656
2024	4.7426697
2025	4.7426028
2026	4.7426299
2027	4.7426086
2028	4.7427866
2029	4.7427766
2030	4.7426228
2031	4.7424931
2032	4.7424195
2033	4.7424187
2034	4.7423845
2035	4.7423851
2036	4.7425629
2037	4.7424091
2038	4.7424772
2039	4.7423646
2040	4.7423814
2041	4.7423805
2042	4.7425296
2043	4.7425527
2044	4.7425517
2045	4.7424359
2046	4.7425026
2047	4.742537
2048	4.742441
2049	4.7424057
2050	4.742438
2051	4.7424434
2052	4.7424617
2053	4.7424998
2054	4.7424455
2055	4.7426828
2056	4.7426958
2057	4.7426801
2058	4.7427232
2059	4.7426519
2060	4.7427439
2061	4.7427886
2062	4.7429476
2063	4.7427792
2064	4.7426406
2065	4.7427441
2066	4.7428217
2067	4.7426482
2068	4.7426515
2069	4.7427347
2070	4.7426558
2071	4.7426914
2072	4.7426666
2073	4.7426257
2074	4.7426496
2075	4.7427194
2076	4.7426175
2077	4.7426262
2078	4.7425503
2079	4.742722
2080	4.742557
2081	4.7426024
2082	4.7425442
2083	4.7425996
2084	4.7426356
2085	4.7426995
2086	4.742554
2087	4.7424633
2088	4.7424814
2089	4.7424271
2090	4.7424274
2091	4.7424331
2092	4.7424767
2093	4.7425848
2094	4.7426082
2095	4.7427122
2096	4.7429235
2097	4.742886
2098	4.7427614
2099	4.7426867
2100	4.7426962
2101	4.7427372
2102	4.7425581
2103	4.7427544
2104	4.7427677
2105	4.7427422
2106	4.7426707
2107	4.7427509
2108	4.7427597
2109	4.7427022
2110	4.7426344
2111	4.7427267
2112	4.7428438
2113	4.7426983
2114	4.7430293
2115	4.7429221
2116	4.7429438
2117	4.7428638
2118	4.7428481
2119	4.742826
2120	4.742901
2121	4.7428997
2122	4.7429505
2123	4.7429268
2124	4.7429065
2125	4.7430232
2126	4.7428289
2127	4.74295
2128	4.74318
2129	4.7430431
2130	4.7428527
2131	4.7428
2132	4.7429913
2133	4.7428858
2134	4.7428443
2135	4.7429968
2136	4.7429078
2137	4.7430374
2138	4.7431221
2139	4.7431062
2140	4.742981
2141	4.7429586
2142	4.7429701
2143	4.743109
2144	4.7429572
2145	4.7430948
2146	4.7430389
2147	4.742905
2148	4.742678
2149	4.7427675
2150	4.7427138
2151	4.742686
2152	4.7427786
2153	4.7428184
2154	4.7428824
2155	4.7428864
2156	4.7429137
2157	4.7429869
2158	4.7428818
2159	4.7428256
2160	4.7427928
2161	4.7427152
2162	4.7427593
2163	4.7428938
2164	4.7426469
2165	4.7426807
2166	4.7426682
2167	4.7426104
2168	4.7427456
2169	4.7427634
2170	4.7427559
2171	4.7429999
2172	4.7431453
2173	4.742786
2174	4.7427565
2175	4.7427072
2176	4.7427965
2177	4.7427817
2178	4.7429093
2179	4.7427897
2180	4.742844
2181	4.7428431
2182	4.742822
2183	4.7428058
2184	4.7426856
2185	4.7427153
2186	4.7427009
2187	4.7427833
2188	4.7427359
2189	4.7429982
2190	4.7429961
2191	4.74307
2192	4.7432429
2193	4.7429846
2194	4.7429857
2195	4.7430313
2196	4.7431781
2197	4.7430802
2198	4.7430871
2199	4.7431071
2200	4.7427736
2201	4.7427953
2202	4.742773
2203	4.7426925
2204	4.7426597
2205	4.7426279
2206	4.7427492
2207	4.7428702
2208	4.7427996
2209	4.7427105
2210	4.7426017
2211	4.7426722
2212	4.7426095
2213	4.742682
2214	4.74276
2215	4.7428652
2216	4.7428445
2217	4.7425557
2218	4.7425239
2219	4.742579
2220	4.7425094
2221	4.7425106
2222	4.7424936
2223	4.7425997
2224	4.7426417
2225	4.7427516
2226	4.7426091
2227	4.7425907
2228	4.7427215
2229	4.7427207
2230	4.7425982
2231	4.7424953
2232	4.7424415
2233	4.742416
2234	4.7427182
2235	4.7426199
2236	4.7426179
2237	4.7426315
2238	4.7425138
2239	4.7425083
2240	4.7424442
2241	4.7423568
2242	4.7424033
2243	4.7425515
2244	4.7423747
2245	4.7423816
2246	4.7425747
2247	4.7425428
2248	4.7424131
2249	4.7425755
2250	4.7425552
2251	4.7427982
2252	4.7426362
2253	4.7428506
2254	4.7428163
2255	4.7428114
2256	4.7428298
2257	4.7428882
2258	4.7426252
2259	4.7423611
2260	4.7424513
2261	4.7426804
2262	4.7429292
2263	4.7429837
2264	4.7431348
2265	4.7431802
2266	4.7431214
2267	4.7429881
2268	4.7428757
2269	4.7427616
2270	4.7429416
2271	4.7426778
2272	4.7427402
2273	4.7427455
2274	4.7426001
2275	4.7425803
2276	4.7425872
2277	4.7426857
2278	4.7427298
2279	4.7426364
2280	4.7426656
2281	4.7426085
2282	4.7425838
2283	4.742631
2284	4.7426425
2285	4.7426285
2286	4.7426665
2287	4.7424872
2288	4.7424619
2289	4.7425251
2290	4.7426436
2291	4.7426621
2292	4.7425753
2293	4.742577
2294	4.7424592
2295	4.7424997
2296	4.7427065
2297	4.7430007
2298	4.7426553
2299	4.7427131
2300	4.7425966
2301	4.7427375
2302	4.742687
2303	4.7426699
2304	4.7427022
2305	4.7426169
2306	4.742671
2307	4.7428729
2308	4.7428661
2309	4.742743
2310	4.7423562
2311	4.7424195
2312	4.7423774
2313	4.7424556
2314	4.742617
2315	4.7426644
2316	4.7427739
2317	4.7430863
2318	4.742856
2319	4.7426529
2320	4.7425451
2321	4.7428059
2322	4.742915
2323	4.7428844
2324	4.7428874
2325	4.7426896
2326	4.7427413
2327	4.7425914
2328	4.7425826
2329	4.7425998
2330	4.7425317
2331	4.7426436
2332	4.7426789
2333	4.7425327
2334	4.7426343
2335	4.7424507
2336	4.7425588
2337	4.7425689
2338	4.7425592
2339	4.7426634
2340	4.7425895
2341	4.7425496
2342	4.7425846
2343	4.742857
2344	4.742939
2345	4.7427358
2346	4.742651
2347	4.7428163
2348	4.7429776
2349	4.7426002
2350	4.7425575
2351	4.742699
2352	4.7426469
2353	4.7426358
2354	4.7424134
2355	4.7425425
2356	4.7426565
2357	4.742638
2358	4.7429217
2359	4.7429138
2360	4.7428205
2361	4.7427584
2362	4.7430385
2363	4.7428947
2364	4.7426518
2365	4.7425637
2366	4.7425344
2367	4.7424415
2368	4.7425723
2369	4.7425824
2370	4.7426549
2371	4.7427109
2372	4.7425558
2373	4.7425925
2374	4.7425119
2375	4.7425976
2376	4.7425634
2377	4.7424842
2378	4.7426455
2379	4.742445
2380	4.7425632
2381	4.7426112
2382	4.7423992
2383	4.7423804
2384	4.7423687
2385	4.7423461
2386	4.7423836
2387	4.7424973
2388	4.7424237
2389	4.7425752
2390	4.7426141
2391	4.7425046
2392	4.7424566
2393	4.7424051
2394	4.7423779
2395	4.7424144
2396	4.7425026
2397	4.74251
2398	4.7425662
2399	4.7425381
2400	4.7424632
2401	4.7427978
2402	4.7429225
2403	4.7427436
2404	4.7425651
2405	4.7424511
2406	4.7424631
2407	4.7424781
2408	4.7424139
2409	4.742501
2410	4.7425393
2411	4.7426043
2412	4.7425336
2413	4.7425149
2414	4.7424053
2415	4.7423933
2416	4.7424888
2417	4.7425297
2418	4.7425272
2419	4.7425063
2420	4.742447
2421	4.7423688
2422	4.7423624
2423	4.7424905
2424	4.7424596
2425	4.7424877
2426	4.7426388
2427	4.74268
2428	4.7425591
2429	4.742577
2430	4.7425174
2431	4.7423896
2432	4.7424714
2433	4.7423802
2434	4.7424729
2435	4.7424761
2436	4.7425025
2437	4.7425135
2438	4.7428938
2439	4.742789
2440	4.742834
2441	4.7429247
2442	4.7427038
2443	4.7427367
2444	4.7426408
2445	4.7426395
2446	4.7424264
2447	4.7424068
2448	4.7424915
2449	4.7425262
2450	4.7425332
2451	4.7424324
2452	4.7425376
2453	4.7423751
2454	4.7422516
2455	4.742444
2456	4.7423873
2457	4.7423041
2458	4.7423894
2459	4.742484
2460	4.7425311
2461	4.7425915
2462	4.7424592
2463	4.7425042
2464	4.7426012
2465	4.7424715
2466	4.7424272
2467	4.7424516
2468	4.7424219
2469	4.742542
2470	4.7422896
2471	4.7422654
2472	4.742517
2473	4.7426159
2474	4.742355
2475	4.7422366
2476	4.7422
2477	4.7422552
2478	4.7422639
2479	4.7422649
2480	4.7422925
2481	4.7423501
2482	4.742287
2483	4.7421728
2484	4.7422013
2485	4.7423684
2486	4.7424228
2487	4.7424518
2488	4.7423979
2489	4.7422986
2490	4.7422306
2491	4.7422748
2492	4.7423411
2493	4.742191
2494	4.742178
2495	4.7422336
2496	4.7422067
2497	4.7422181
2498	4.7422027
2499	4.7422001
2500	4.7422478
2501	4.7422673
2502	4.7422817
2503	4.7422493
2504	4.7423132
2505	4.7423421
2506	4.7422073
2507	4.7423563
2508	4.7423481
2509	4.7426637
2510	4.7426547
2511	4.7426271
2512	4.7427066
2513	4.7425507
2514	4.7424373
2515	4.7423757
2516	4.742383
2517	4.7425699
2518	4.7425725
2519	4.7426759
2520	4.7424825
2521	4.7423936
2522	4.7423438
2523	4.7422648
2524	4.7422664
2525	4.7422827
2526	4.7423533
2527	4.7423144
2528	4.7424227
2529	4.7424663
2530	4.7425031
2531	4.7424678
2532	4.7423217
2533	4.7424298
2534	4.7423433
2535	4.7424519
2536	4.7424621
2537	4.7422544
2538	4.7423584
2539	4.7422662
2540	4.7422726
2541	4.7422403
2542	4.7423816
2543	4.7423351
2544	4.7424027
2545	4.7425104
2546	4.7425862
2547	4.7423772
2548	4.7422631
2549	4.742215
2550	4.7422164
2551	4.7422407
2552	4.7422901
2553	4.7423829
2554	4.7422535
2555	4.7423082
2556	4.7422823
2557	4.7423249
2558	4.7423009
2559	4.7423088
2560	4.7424023
2561	4.7423871
2562	4.7422216
2563	4.7422822
2564	4.7423339
2565	4.7422997
2566	4.7423244
2567	4.7422769
2568	4.7423429
2569	4.7423677
2570	4.7423741
2571	4.7422968
2572	4.7423109
2573	4.7422585
2574	4.7422648
2575	4.7423954
2576	4.7423933
2577	4.7426054
2578	4.7424969
2579	4.7425461
2580	4.742432
2581	4.7423412
2582	4.7423463
2583	4.7423358
2584	4.7424631
2585	4.7423689
2586	4.7424063
2587	4.7423743
2588	4.7424797
2589	4.7423562
2590	4.7423005
2591	4.7422328
2592	4.7425078
2593	4.7424844
2594	4.7425583
2595	4.7425008
2596	4.7423452
2597	4.7423044
2598	4.7423937
2599	4.7422887
2600	4.7423147
2601	4.742404
2602	4.7423755
2603	4.7422586
2604	4.7422614
2605	4.7425303
2606	4.7425144
2607	4.7423107
2608	4.7423771
2609	4.7424374
2610	4.7423805
2611	4.742374
2612	4.7423354
2613	4.7424401
2614	4.7423811
2615	4.7422651
2616	4.7423508
2617	4.7423785
2618	4.7423846
2619	4.7423
2620	4.7424205
2621	4.7423415
2622	4.7423467
2623	4.7423473
2624	4.7425297
2625	4.7425098
2626	4.7423576
2627	4.7423255
2628	4.7422594
2629	4.7421663
2630	4.7421967
2631	4.7421121
2632	4.7422597
2633	4.7422945
2634	4.7422809
2635	4.742138
2636	4.7421407
2637	4.7422441
2638	4.7422554
2639	4.7421618
2640	4.7422173
2641	4.7422301
2642	4.7422429
2643	4.7422486
2644	4.7421747
2645	4.7421346
2646	4.7424545
2647	4.7423514
2648	4.7423331
2649	4.7423424
2650	4.7426039
2651	4.7425597
2652	4.7427111
2653	4.7426717
2654	4.7426027
2655	4.7427061
2656	4.7423059
2657	4.7421888
2658	4.7423037
2659	4.7423708
2660	4.7425981
2661	4.7424678
2662	4.7422438
2663	4.7422032
2664	4.7421972
2665	4.742325
2666	4.7422454
2667	4.7422124
2668	4.7421873
2669	4.7422147
2670	4.742181
2671	4.7422139
2672	4.7421434
2673	4.742312
2674	4.7422953
2675	4.7423708
2676	4.742397
2677	4.7423429
2678	4.7421977
2679	4.7421448
2680	4.7422388
2681	4.7422629
2682	4.7422151
2683	4.7422406
2684	4.742497
2685	4.7422588
2686	4.7423831
2687	4.7425019
2688	4.7423564
2689	4.7422207
2690	4.7423267
2691	4.7421644
2692	4.742177
2693	4.7421461
2694	4.7422616
2695	4.7421866
2696	4.7421869
2697	4.7422042
2698	4.7422532
2699	4.7421749
2700	4.7421711
2701	4.7421685
2702	4.7422073
2703	4.7421275
2704	4.7422254
2705	4.7422048
2706	4.7421951
2707	4.7421042
2708	4.7422061
2709	4.7421502
2710	4.7421578
2711	4.7422723
2712	4.7421706
2713	4.7421985
2714	4.7422621
2715	4.742245
2716	4.7421823
2717	4.742229
2718	4.7421693
2719	4.7421491
2720	4.7422013
2721	4.7421485
2722	4.7421074
2723	4.7421253
2724	4.742109
2725	4.742117
2726	4.7421368
2727	4.7420811
2728	4.742205
2729	4.7422618
2730	4.7421613
2731	4.7421877
2732	4.7421003
2733	4.7420985
2734	4.7420443
2735	4.7420771
2736	4.7421359
2737	4.7422944
2738	4.7423618
2739	4.7422303
2740	4.7421892
2741	4.7422279
2742	4.7423699
2743	4.7423755
2744	4.7422805
2745	4.7422367
2746	4.7422492
2747	4.7422668
2748	4.7422681
2749	4.7421632
2750	4.7421549
2751	4.7422303
2752	4.7422415
2753	4.7422542
2754	4.7422638
2755	4.7423311
2756	4.7423442
2757	4.7425171
2758	4.7423915
2759	4.7423473
2760	4.7422593
2761	4.7423344
2762	4.7424195
2763	4.7422704
2764	4.7422648
2765	4.742243
2766	4.7425968
2767	4.7423512
2768	4.7422866
2769	4.742335
2770	4.7423906
2771	4.742508
2772	4.7422639
2773	4.7423238
2774	4.742301
2775	4.7423081
2776	4.7423592
2777	4.7423991
2778	4.7422373
2779	4.7423526
2780	4.74234
2781	4.7422086
2782	4.742244
2783	4.7422327
2784	4.7423422
2785	4.7423191
2786	4.7422911
2787	4.7423788
2788	4.7423996
2789	4.7424672
2790	4.7425069
2791	4.7424752
2792	4.7422408
2793	4.742252
2794	4.742416
2795	4.7424962
2796	4.7424961
2797	4.7425569
2798	4.742426
2799	4.7422638
2800	4.7422517
2801	4.7423368
2802	4.7422776
2803	4.7422451
2804	4.7423501
2805	4.7424233
2806	4.7424143
2807	4.7424162
2808	4.7424119
2809	4.7424077
2810	4.742363
2811	4.7423588
2812	4.7422974
2813	4.7422904
2814	4.7422246
2815	4.7422483
2816	4.7422503
2817	4.7422221
2818	4.7421146
2819	4.7421856
2820	4.7422149
2821	4.7422288
2822	4.742243
2823	4.7421581
2824	4.7421479
2825	4.7422802
2826	4.7421523
2827	4.7422039
2828	4.7421874
2829	4.742238
2830	4.7422574
2831	4.7422999
2832	4.7423348
2833	4.7423807
2834	4.7423744
2835	4.7423484
2836	4.7423651
2837	4.7424569
2838	4.742394
2839	4.7424622
2840	4.7426428
2841	4.7424505
2842	4.7423941
2843	4.7425237
2844	4.7422793
2845	4.7423403
2846	4.7423611
2847	4.7423379
2848	4.742441
2849	4.7425465
2850	4.7425959
2851	4.7425684
2852	4.7427234
2853	4.7427846
2854	4.7427057
2855	4.7425565
2856	4.7424898
2857	4.7423461
2858	4.7423915
2859	4.7423663
2860	4.7422828
2861	4.7423543
2862	4.7423105
2863	4.742317
2864	4.7423779
2865	4.7425179
2866	4.7424688
2867	4.742596
2868	4.742485
2869	4.7426138
2870	4.7424774
2871	4.7424874
2872	4.7425102
2873	4.742399
2874	4.7424444
2875	4.7424514
2876	4.7424246
2877	4.7425522
2878	4.7423495
2879	4.7423488
2880	4.7423924
2881	4.7423664
2882	4.7423393
2883	4.7424487
2884	4.742475
2885	4.7424739
2886	4.7423688
2887	4.7423398
2888	4.7423632
2889	4.7423215
2890	4.7423269
2891	4.7423233
2892	4.7423798
2893	4.7423154
2894	4.7424735
2895	4.7424133
2896	4.7424223
2897	4.7425082
2898	4.7426402
2899	4.7425634
2900	4.742489
2901	4.7424739
2902	4.7425408
2903	4.74277
2904	4.7428948
2905	4.7428005
2906	4.7428786
2907	4.742607
2908	4.7427154
2909	4.7427784
2910	4.7427718
2911	4.7428381
2912	4.7429599
2913	4.7426009
2914	4.742747
2915	4.742651
2916	4.7426366
2917	4.7425074
2918	4.7424255
2919	4.7423388
2920	4.7424558
2921	4.7426324
2922	4.742492
2923	4.7423655
2924	4.7424558
2925	4.7424624
2926	4.7423917
2927	4.7424428
2928	4.7424692
2929	4.742383
2930	4.7423368
2931	4.7424863
2932	4.7422826
2933	4.7422517
2934	4.7422922
2935	4.7423293
2936	4.7424371
2937	4.7422989
2938	4.7422794
2939	4.7422808
2940	4.7423352
2941	4.74241
2942	4.7424026
2943	4.7423798
2944	4.7423234
2945	4.7423241
2946	4.7423246
2947	4.7422639
2948	4.7422691
2949	4.7424034
2950	4.7423165
2951	4.7423972
2952	4.7424565
2953	4.7424194
2954	4.7424049
2955	4.7422875
2956	4.7423552
2957	4.7424891
2958	4.7422824
2959	4.7422172
2960	4.7422039
2961	4.7421908
2962	4.7422406
2963	4.7420964
2964	4.7422225
2965	4.7423112
2966	4.7423155
2967	4.7423134
2968	4.7423933
2969	4.7426457
2970	4.7422413
2971	4.742318
2972	4.7423905
2973	4.7421941
2974	4.7423154
2975	4.7422683
2976	4.7423939
2977	4.7423206
2978	4.742164
2979	4.7421685
2980	4.742371
2981	4.7422033
2982	4.742406
2983	4.7423396
2984	4.7422206
2985	4.7423809
2986	4.7422578
2987	4.7422908
2988	4.7423303
2989	4.7423488
2990	4.7422373
2991	4.7423173
2992	4.7422939
2993	4.742157
2994	4.7422979
2995	4.7422928
2996	4.7422044
2997	4.7422753
2998	4.742241
2999	4.7422351
3000	4.7422558
3001	4.742286
3002	4.7423035
3003	4.7422645
3004	4.7422936
3005	4.7423302
3006	4.7422362
3007	4.7422548
3008	4.7422474
3009	4.7422679
3010	4.7422878
3011	4.7421959
3012	4.7422311
3013	4.7422556
3014	4.7424267
3015	4.7423857
3016	4.7422882
3017	4.7423284
3018	4.7423322
3019	4.7423116
3020	4.7423639
3021	4.7423773
3022	4.7424755
3023	4.7424199
3024	4.7424161
3025	4.7424971
3026	4.7424543
3027	4.7424072
3028	4.7424528
3029	4.7424715
3030	4.7425818
3031	4.7426256
3032	4.7426935
3033	4.7426388
3034	4.7426369
3035	4.7426752
3036	4.7427437
3037	4.742861
3038	4.7429907
3039	4.7430593
3040	4.7430903
3041	4.7431191
3042	4.7429625
3043	4.7429021
3044	4.7427349
3045	4.7427459
3046	4.7427912
3047	4.7428523
3048	4.7430539
3049	4.7431508
3050	4.7432836
3051	4.743254
3052	4.743254
3053	4.7431546
3054	4.7430365
3055	4.7426169
3056	4.742698
3057	4.7426981
3058	4.742659
3059	4.7427449
3060	4.7427705
3061	4.7426824
3062	4.7426178
3063	4.7426806
3064	4.7425799
3065	4.7426158
3066	4.7426586
3067	4.7428208
3068	4.7427604
3069	4.7426478
3070	4.7425505
3071	4.7426507
3072	4.7427329
3073	4.7427192
3074	4.7427836
3075	4.7425735
3076	4.7426492
3077	4.7426571
3078	4.7427082
3079	4.7427559
3080	4.7426967
3081	4.7426717
3082	4.7426742
3083	4.7427705
3084	4.7428355
3085	4.7427797
3086	4.7427073
3087	4.7426346
3088	4.7426399
3089	4.7427023
3090	4.7426882
3091	4.7427983
3092	4.7429749
3093	4.743039
3094	4.7431062
3095	4.7414383
3096	4.741296
3097	4.7408855
3098	4.740949
3099	4.7410623
3100	4.7408191
3101	4.7406393
3102	4.7405837
3103	4.740629
3104	4.7405807
3105	4.7405744
