#t	zeta	theta
0	0.9	0
0.032006812118304	0.8997683070748	0.037064522727625
0.064013624236609	0.89973242807528	0.074868051263801
0.096020436354913	0.89988769443703	0.11329203285171
0.12802724847322	0.90022907799545	0.15222423596472
0.16003406059152	0.90075123529701	0.1915590908824
0.19204087270983	0.90144855208485	0.23119796472396
0.22404768482813	0.90231518758719	0.2710493708289
0.25605449694643	0.90334511824673	0.31102911293711
0.28806130906474	0.90453218054153	0.35106036516933
0.32006812118304	0.90587011256331	0.39107368934068
0.35207493330135	0.90735259403729	0.43100699164948
0.38408174541965	0.90897328448845	0.47080542126666
0.41608855753796	0.91072585928236	0.51042121380377
0.44809536965626	0.9126040432938	0.54981348305632
0.48010218177456	0.914601641984	0.58894796480002
0.51210899389287	0.91671256969579	0.62779671675819
0.54411580601117	0.91893087500648	0.66633777915559
0.57612261812948	0.92125076300941	0.70455480052584
0.60812943024778	0.92366661442738	0.74243663364397
0.64013624236609	0.92617300149358	0.77997690661127
0.67214305448439	0.92876470056848	0.81717357422615
0.7041498666027	0.93143670149376	0.85402845483038
0.736156678721	0.93418421371657	0.89054675782656
0.7681634908393	0.93700266924877	0.92673660701878
0.80017030295761	0.93988772255647	0.96260856483659
0.83217711507591	0.9428352475041	0.99817516236257
0.86418392719422	0.94584133150513	1.0334504398989
0.89619073931252	0.94890226705709	1.0684495025796
0.92819755143083	0.95201454086258	1.1031880952668
0.96020436354913	0.95517482075929	1.1376822006609
0.99221117566743	0.95837994070128	1.1719476642144
1.0242179877857	0.96162688405018	1.205999849066
1.056224799904	0.96491276544878	1.2398533238119
1.0882316120223	0.96823481156045	1.2735215855092
1.1202384241407	0.97159034096552	1.3070168198646
1.152245236259	0.97497674351114	1.3403497001056
1.1842520483773	0.97839145941256	1.373529225568
1.2162588604956	0.9818319584031	1.4065626005601
1.2482656726139	0.98529571922556	1.439455153597
1.2802724847322	0.98878020975104	1.4722102966276
1.3122792968505	0.99228286800085	1.5048295234229
1.3442861089688	0.99580108433478	1.5373124458481
1.3762929210871	0.99933218505316	1.5696568663123
1.4082997332054	1.0028734176428	1.6018588842881
1.4403065453237	1.006421937876	1.6339130344113
1.472313357442	1.0099747989509	1.6658124533208
1.5043201695603	1.0135289428344	1.6975490720834
1.5363269816786	1.0170811939479	1.7291138307636
1.5683337937969	1.0206282553033	1.7604969114594
1.6003406059152	1.0241667071728	1.7916879859192
1.6323474180335	1.0276930083447	1.8226764736978
1.6643542301518	1.0312034999887	1.8534518066947
1.6963610422701	1.0346944121231	1.8840036958466
1.7283678543884	1.0381618726483	1.9143223957251
1.7603746665067	1.0416019188788	1.9443989628114
1.792381478625	1.0450105114801	1.9742255032902
1.8243882907433	1.0483835506855	2.0037954063198
1.8563951028617	1.0517168946437	2.0331035588926
1.88840191498	1.0550063797208	2.0621465386038
1.9204087270983	1.0582478425578	2.0909227808882
1.9524155392166	1.0614371436617	2.119432717564
1.9844223513349	1.06457019229	2.1476788838432
2.0164291634532	1.0676429723688	2.1756659913131
2.0484359755715	1.0706515691741	2.2034009647775
2.0804427876898	1.0735921964874	2.230892941244
2.1124495998081	1.0764612239345	2.2581532297771
2.1444564119264	1.0792552042043	2.2851952313751
2.1764632240447	1.081970899844	2.3120343184877
2.208470036163	1.0846053093256	2.3386876742579
2.2404768482813	1.0871556920821	2.3651740920386
2.2724836603996	1.0896195922158	2.3915137362065
2.3044904725179	1.0919948605922	2.4177278657589
2.3364972846362	1.0942796750421	2.4438385226315
2.3685040967545	1.0964725584118	2.46986818712
2.4005109088728	1.0985723942146	2.4958394032036
2.4325177209911	1.1005784396611	2.5217743769722
2.4645245331094	1.1024903358653	2.5476945517265
2.4965313452277	1.104308115047	2.5736201636631
2.528538157346	1.1060322045805	2.5995697823602
2.5605449694643	1.1076634277651	2.625559840549
2.5925517815826	1.1092030012245	2.6516041578839
2.624558593701	1.1106525288701	2.6777134636041
2.6565654058193	1.1120139924002	2.7038949231253
2.6885722179376	1.1132897383335	2.7301516736828
2.7205790300559	1.114482461614	2.7564823741979
2.7525858421742	1.1155951858521	2.7828807745258
2.7845926542925	1.1166312403055	2.8093353091926
2.8165994664108	1.1175942337285	2.8358287206174
2.8486062785291	1.118488025257	2.8623377166622
2.8806130906474	1.119316692521	2.8888326671477
2.9126199027657	1.1200844972094	2.915277343719
2.944626714884	1.1207958483359	2.9416287071526
2.9766335270023	1.121455263482	2.9678367458505
3.0086403391206	1.1220673283158	2.9938443688924
3.0406471512389	1.1226366547053	3.019587356595
3.0726539633572	1.1231678377628	3.044994371078
3.1046607754755	1.1236654121736	3.0699870288544
3.1366675875938	1.1241338081719	3.0944800369541
3.1686743997121	1.1245773075389	3.1183813935601
3.2006812118304	1.125	3.1415926535898
