#t	zeta	theta
0	0.9	0
0.032006812118304	0.8971037006193	0.02951233070505
0.064013624236609	0.89450255182383	0.060580094761802
0.096020436354913	0.89220018228687	0.093106423506502
0.12802724847322	0.89019938356055	0.1269932337169
0.16003406059152	0.8885021052712	0.16214158481594
0.19204087270983	0.88710945329365	0.19845203500631
0.22404768482813	0.88602169090592	0.23582499496447
0.25605449694643	0.88523824291445	0.27416107773624
0.28806130906474	0.88475770272837	0.3133614434959
0.32006812118304	0.88457784235008	0.35332813785485
0.35207493330135	0.88469562523855	0.39396442243597
0.38408174541965	0.88510722199037	0.43517509646408
0.41608855753796	0.88580802877305	0.47686680816301
0.44809536965626	0.8867926884346	0.51894835479353
0.48010218177456	0.88805511420319	0.56133097021574
0.51210899389287	0.88958851588069	0.60392859891235
0.54411580601117	0.89138542842482	0.64665815546668
0.57612261812948	0.89343774280502	0.68943976855056
0.60812943024778	0.89573673900928	0.73219700854184
0.64013624236609	0.89827312107027	0.77485709795984
0.67214305448439	0.90103705397233	0.81735110397816
0.7041498666027	0.90401820229308	0.85961411234853
0.736156678721	0.90720577042758	0.90158538214622
0.7681634908393	0.91058854423677	0.94320848082629
0.80017030295761	0.91415493395672	0.98443139916115
0.83217711507591	0.91789301820073	1.0252066457119
0.86418392719422	0.92179058888234	1.0654913205704
0.89619073931252	0.92583519688403	1.1052471681926
0.92819755143083	0.93001419829386	1.14444060923
0.96020436354913	0.93431480103043	1.1830427513516
0.99221117566743	0.93872411167545	1.2210293791325
1.0242179877857	0.94322918233255	1.2583809231728
1.056224799904	0.94781705733153	1.295082408693
1.0882316120223	0.95247481959799	1.3311233839351
1.1202384241407	0.95718963651	1.3664978287827
1.152245236259	0.96194880506601	1.4012040440891
1.1842520483773	0.966739796191	1.4352445222853
1.2162588604956	0.9715502980119	1.4686257999111
1.2482656726139	0.97636825793748	1.5013582927883
1.2802724847322	0.9811819233831	1.5334561146227
1.3122792968505	0.98597988098641	1.56493687989
1.3442861089688	0.99075109416617	1.5958214919231
1.3762929210871	0.99548493888348	1.6261339171763
1.4082997332054	1.0001712374719	1.6559009467016
1.4403065453237	1.0048002904111	1.6851519459162
1.472313357442	1.0093629059263	1.713918593796
1.5043201695603	1.0138504273068	1.7422346126636
1.5363269816786	1.018254757842	1.7701354897828
1.5683337937969	1.0225683832891	1.797658192001
1.6003406059152	1.0267843917891	1.8248408747082
1.6323474180335	1.0308964911663	1.8517225864067
1.6643542301518	1.0348990235494	1.8783429701981
1.6963610422701	1.0387869772689	1.9047419635088
1.7283678543884	1.0425559959924	1.9309594973824
1.7603746665067	1.0462023850739	1.9570351966649
1.792381478625	1.0497231151015	1.9830080824075
1.8243882907433	1.0531158226412	2.0089162778006
1.8563951028617	1.0563788081838	2.0347967189383
1.88840191498	1.0595110313161	2.0606848716901
1.9204087270983	1.0625121031448	2.0866144559349
1.9524155392166	1.0653822760157	2.1126171783788
1.9844223513349	1.0681224305807	2.1387224751424
2.0164291634532	1.0707340602742	2.1649572652659
2.0484359755715	1.0732192532734	2.191345716232
2.0804427876898	1.0755806720244	2.2179090225595
2.1124495998081	1.0778215304283	2.2446651984649
2.1444564119264	1.0799455687884	2.2716288855329
2.1764632240447	1.0819570266301	2.2988111762743
2.208470036163	1.0838606135128	2.3262194543851
2.2404768482813	1.0856614779617	2.3538572524509
2.2724836603996	1.0873651746539	2.3817241277701
2.3044904725179	1.0889776300006	2.409815556896
2.3364972846362	1.0905051062747	2.4381228494175
2.3685040967545	1.0919541644355	2.4666330814234
2.4005109088728	1.0933316258122	2.4953290490111
2.4325177209911	1.0946445328074	2.5241892421206
2.4645245331094	1.095900108789	2.5531878388882
2.4965313452277	1.0971057173408	2.5822947206337
2.528538157346	1.098268821045	2.6114755075054
2.5605449694643	1.0993969399701	2.6406916147263
2.5925517815826	1.1004976100417	2.6699003292971
2.624558593701	1.1015783414703	2.6990549069273
2.6565654058193	1.1026465774138	2.7281046888838
2.6885722179376	1.103709653048	2.7569952383617
2.7205790300559	1.1047747552186	2.785668495902
2.7525858421742	1.1058488828447	2.8140629533015
2.7845926542925	1.1069388082423	2.8421138453836
2.8165994664108	1.1080510395299	2.8697533589223
2.8486062785291	1.1091917842763	2.8969108579421
2.8806130906474	1.1103669145438	2.9235131245459
2.9126199027657	1.1115819334766	2.9494846143575
2.944626714884	1.1128419435739	2.9747477256048
2.9766335270023	1.1141516167856	2.999223080809
3.0086403391206	1.1155151665554	3.0228298199939
3.0406471512389	1.1169363219339	3.045485904276
3.0726539633572	1.1184183038704	3.0671084286551
3.1046607754755	1.119963803788	3.087613942779
3.1366675875938	1.1215749645335	3.1069187784252
3.1686743997121	1.1232533637862	3.1249393824071
3.2006812118304	1.125	3.1415926535898
