#t	zeta	theta
0	0.9	0
0.01	0.90000685871056	0.0123455849296
0.02	0.90002743358782	0.024690793558328
0.03	0.90006172086906	0.037035249705735
0.04	0.90010971428486	0.049378577432119
0.05	0.90017140506189	0.061720401158672
0.06	0.90024678192665	0.074060345787346
0.07	0.9003358311104	0.086398036820342
0.08	0.9004385363551	0.098733100479154
0.09	0.90055487892046	0.11106516382304
0.1	0.90068483759204	0.12339385486688
0.11	0.90082838869038	0.13571880269825
0.12	0.90098550608125	0.14803963759377
0.13	0.90115616118684	0.16035599113442
0.14	0.90134032299807	0.17266749631999
0.15	0.90153795808783	0.18497378768238
0.16	0.90174903062531	0.19727450139775
0.17	0.90197350239123	0.20956927539744
0.18	0.90221133279413	0.22185774947761
0.19	0.90246247888755	0.2341395654074
0.2	0.90272689538821	0.24641436703572
0.21	0.90300453469503	0.25868180039639
0.22	0.9032953469092	0.27094151381178
0.23	0.90359927985498	0.28319315799468
0.24	0.9039162791015	0.29543638614843
0.25	0.90424628798534	0.30767085406531
0.26	0.90458924763394	0.31989622022293
0.27	0.90494509698988	0.33211214587883
0.28	0.90531377283588	0.34431829516296
0.29	0.90569520982061	0.35651433516819
0.3	0.90608934048518	0.36869993603871
0.31	0.90649609529047	0.38087477105626
0.32	0.90691540264502	0.39303851672422
0.33	0.90734718893366	0.4051908528494
0.34	0.9077913785468	0.41733146262163
0.35	0.9082478939103	0.42946003269097
0.36	0.90871665551598	0.44157625324265
0.37	0.90919758195264	0.45367981806955
0.38	0.90969058993768	0.46577042464234
0.39	0.91019559434926	0.47784777417718
0.4	0.91071250825883	0.48991157170094
0.41	0.9112412429643	0.50196152611397
0.42	0.9117817080235	0.51399735025037
0.43	0.91233381128814	0.52601876093576
0.44	0.91289745893814	0.53802547904256
0.45	0.9134725555163	0.55001722954268
0.46	0.91405900396333	0.56199374155777
0.47	0.91465670565317	0.57395474840683
0.48	0.9152655604286	0.58589998765142
0.49	0.91588546663711	0.59782920113818
0.5	0.91651632116699	0.60974213503899
0.51	0.91715801948364	0.62163853988848
0.52	0.91781045566603	0.63351817061908
0.53	0.91847352244336	0.64538078659359
0.54	0.91914711123178	0.65722615163525
0.55	0.91983111217129	0.6690540340553
0.56	0.92052541416266	0.6808642066782
0.57	0.92122990490445	0.69265644686429
0.58	0.92194447093002	0.70443053653017
0.59	0.92266899764456	0.71618626216658
0.6	0.92340336936214	0.72792341485405
0.61	0.92414746934269	0.73964179027614
0.62	0.92490117982891	0.75134118873041
0.63	0.9256643820831	0.76302141513713
0.64	0.92643695642397	0.77468227904579
0.65	0.92721878226319	0.78632359463937
0.66	0.92800973814192	0.79794518073647
0.67	0.92880970176709	0.80954686079138
0.68	0.92961855004755	0.82112846289195
0.69	0.93043615913003	0.83268981975555
0.7	0.93126240443483	0.84423076872295
0.71	0.9320971606913	0.85575115175027
0.72	0.9329403019731	0.86725081539904
0.73	0.93379170173317	0.87872961082437
0.74	0.93465123283837	0.8901873937613
0.75	0.9355187676039	0.90162402450937
0.76	0.93639417782737	0.91303936791548
0.77	0.93727733482252	0.92443329335506
0.78	0.93816810945265	0.93580567471161
0.79	0.93906637216367	0.94715639035459
0.8	0.93997199301677	0.95848532311593
0.81	0.94088484172074	0.96979236026483
0.82	0.94180478766388	0.98107739348131
0.83	0.94273169994556	0.99234031882827
0.84	0.9436654474073	1.0035810367222
0.85	0.94460589866348	1.0147994519027
0.86	0.94555292213161	1.0259954734006
0.87	0.94650638606221	1.0371690145048
0.88	0.94746615856814	1.0483199927285
0.89	0.94843210765361	1.0594483297737
0.9	0.94940410124264	1.0705539514948
0.91	0.95038200720712	1.0816367878615
0.92	0.95136569339434	1.0926967729203
0.93	0.95235502765414	1.1037338447555
0.94	0.95334987786549	1.1147479454491
0.95	0.95435011196264	1.1257390210399
0.96	0.95535559796079	1.1367070214816
0.97	0.95636620398123	1.1476519006011
0.98	0.95738179827606	1.1585736160546
0.99	0.95840224925237	1.1694721292844
1	0.95942742549593	1.1803474054746
1.01	0.96045719579437	1.1911994135061
1.02	0.96149142915996	1.2020281259109
1.03	0.96252999485175	1.212833518827
1.04	0.96357276239734	1.2236155719515
1.05	0.96461960161405	1.234374268494
1.06	0.96567038262973	1.2451095951298
1.07	0.96672497590291	1.2558215419521
1.08	0.96778325224259	1.266510102425
1.09	0.96884508282752	1.2771752733348
1.1	0.96991033922489	1.2878170547427
1.11	0.97097889340868	1.2984354499359
1.12	0.97205061777741	1.3090304653792
1.13	0.9731253851715	1.319602110667
1.14	0.97420306889007	1.3301503984739
1.15	0.97528354270732	1.3406753445067
1.16	0.97636668088843	1.3511769674551
1.17	0.97745235820499	1.3616552889435
1.18	0.97854044994994	1.372110333482
1.19	0.97963083195213	1.3825421284179
1.2	0.98072338059031	1.3929507038872
1.21	0.98181797280682	1.4033360927662
1.22	0.98291448612065	1.4136983306232
1.23	0.98401279864028	1.4240374556704
1.24	0.98511278907585	1.4343535087158
1.25	0.98621433675114	1.4446465331159
1.26	0.98731732161491	1.4549165747278
1.27	0.98842162425201	1.4651636818623
1.28	0.98952712589391	1.4753879052363
1.29	0.99063370842898	1.4855892979271
1.3	0.99174125441225	1.4957679153248
1.31	0.99284964707483	1.5059238150874
1.32	0.99395877033296	1.5160570570941
1.33	0.99506850879662	1.5261677034004
1.34	0.99617874777784	1.5362558181931
1.35	0.99728937329857	1.5463214677453
1.36	0.99840027209822	1.5563647203725
1.37	0.99951133164087	1.5663856463884
1.38	1.0006224401221	1.5763843180617
1.39	1.0017334864753	1.586360809573
1.4	1.0028443603783	1.5963151969724
1.41	1.0039549522586	1.6062475581367
1.42	1.0050651532994	1.6161579727287
1.43	1.0061748554442	1.6260465221552
1.44	1.0072839514023	1.6359132895264
1.45	1.0083923346529	1.6457583596161
1.46	1.0094998994497	1.6555818188211
1.47	1.0106065408246	1.6653837551226
1.48	1.0117121545916	1.6751642580473
1.49	1.01281663735	1.6849234186285
1.5	1.0139198864878	1.6946613293691
1.51	1.0150218001844	1.7043780842038
1.52	1.0161222774133	1.7140737784626
1.53	1.0172212179444	1.7237485088344
1.54	1.0183185223461	1.7334023733311
1.55	1.0194140919874	1.7430354712529
1.56	1.0205078290393	1.7526479031531
1.57	1.0215996364761	1.7622397708042
1.58	1.0226894180771	1.7718111771641
1.59	1.023777078427	1.7813622263431
1.6	1.0248625229171	1.7908930235715
1.61	1.0259456577456	1.8004036751669
1.62	1.027026389918	1.8098942885035
1.63	1.0281046272473	1.8193649719805
1.64	1.0291802783542	1.8288158349917
1.65	1.0302532526663	1.8382469878959
1.66	1.0313234604184	1.8476585419869
1.67	1.0323908126516	1.8570506094651
1.68	1.0334552212126	1.8664233034088
1.69	1.0345165987528	1.8757767377464
1.7	1.0355748587274	1.8851110272289
1.71	1.036629915394	1.8944262874033
1.72	1.0376816838116	1.9037226345861
1.73	1.0387300798388	1.9130001858373
1.74	1.0397750201323	1.9222590589353
1.75	1.0408164221451	1.9314993723519
1.76	1.0418542041251	1.940721245228
1.77	1.0428882851122	1.9499247973496
1.78	1.043918584937	1.9591101491245
1.79	1.0449450242184	1.9682774215595
1.8	1.0459675243608	1.9774267362379
1.81	1.0469860075525	1.9865582152973
1.82	1.0480003967623	1.9956719814085
1.83	1.0490106157376	2.0047681577542
1.84	1.050016589001	2.0138468680085
1.85	1.0510182418483	2.0229082363169
1.86	1.0520155003447	2.0319523872763
1.87	1.0530082913225	2.0409794459164
1.88	1.0539965423779	2.04998953768
1.89	1.0549801818677	2.0589827884057
1.9	1.0559591389062	2.067959324309
1.91	1.056933343362	2.0769192719655
1.92	1.0579027258546	2.0858627582934
1.93	1.0588672177511	2.094789910537
1.94	1.0598267511626	2.1037008562506
1.95	1.0607812589409	2.1125957232823
1.96	1.0617306746748	2.1214746397586
1.97	1.0626749326868	2.1303377340695
1.98	1.063613968029	2.1391851348538
1.99	1.0645477164798	2.1480169709846
2	1.06547611454	2.1568333715554
2.01	1.0663990994293	2.1656344658669
2.02	1.0673166090821	2.174420383413
2.03	1.068228582144	2.183191253869
2.04	1.0691349579681	2.1919472070782
2.05	1.0700356766107	2.2006883730401
2.06	1.0709306788277	2.2094148818989
2.07	1.0718199060707	2.2181268639314
2.08	1.0727033004829	2.2268244495364
2.09	1.0735808048953	2.2355077692238
2.1	1.0744523628228	2.2441769536036
2.11	1.0753179184601	2.2528321333766
2.12	1.0761774166778	2.2614734393237
2.13	1.0770308030183	2.2701010022969
2.14	1.077878023692	2.2787149532099
2.15	1.0787190255732	2.2873154230288
2.16	1.079553756196	2.295902542764
2.17	1.0803821637504	2.3044764434614
2.18	1.0812041970787	2.3130372561944
2.19	1.0820198056706	2.3215851120559
2.2	1.0828289396601	2.3301201421513
2.21	1.083631549821	2.3386424775904
2.22	1.0844275875633	2.347152249481
2.23	1.0852170049288	2.3556495889216
2.24	1.0859997545874	2.3641346269953
2.25	1.0867757898334	2.3726074947635
2.26	1.087545064581	2.3810683232592
2.27	1.088307533361	2.3895172434822
2.28	1.0890631513163	2.3979543863925
2.29	1.0898118741987	2.4063798829058
2.3	1.0905536583645	2.4147938638877
2.31	1.0912884607708	2.4231964601494
2.32	1.0920162389718	2.4315878024422
2.33	1.0927369511149	2.439968021454
2.34	1.0934505559371	2.4483372478042
2.35	1.0941570127611	2.4566956120399
2.36	1.0948562814913	2.4650432446323
2.37	1.0955483226109	2.4733802759724
2.38	1.0962330971774	2.4817068363681
2.39	1.0969105668193	2.4900230560405
2.4	1.0975806937327	2.498329065121
2.41	1.0982434406773	2.5066249936481
2.42	1.0988987709732	2.5149109715649
2.43	1.0995466484971	2.5231871287163
2.44	1.1001870376792	2.5314535948465
2.45	1.1008199034991	2.5397104995971
2.46	1.1014452114832	2.5479579725044
2.47	1.1020629277005	2.5561961429979
2.48	1.10267301876	2.5644251403983
2.49	1.1032754518066	2.572645093916
2.5	1.1038701945187	2.5808561326492
2.51	1.104457215104	2.5890583855831
2.52	1.1050364822971	2.5972519815881
2.53	1.1056079653559	2.605437049419
2.54	1.1061716340586	2.6136137177142
2.55	1.1067274587005	2.6217821149944
2.56	1.1072754100912	2.6299423696624
2.57	1.1078154595511	2.6380946100021
2.58	1.1083475789091	2.6462389641784
2.59	1.1088717404989	2.6543755602365
2.6	1.1093879171567	2.6625045261019
2.61	1.1098960822183	2.6706259895805
2.62	1.1103962095157	2.6787400783581
2.63	1.1108882733752	2.6868469200008
2.64	1.1113722486139	2.6949466419553
2.65	1.1118481105375	2.7030393715488
2.66	1.1123158349374	2.7111252359901
2.67	1.1127753980883	2.7192043623694
2.68	1.1132267767454	2.7272768776594
2.69	1.1136699481422	2.7353429087158
2.7	1.1141048899875	2.7434025822779
2.71	1.1145315804638	2.7514560249699
2.72	1.114949998224	2.7595033633017
2.73	1.1153601223897	2.7675447236696
2.74	1.1157619325488	2.775580232358
2.75	1.1161554087529	2.7836100155402
2.76	1.1165405315156	2.7916341992798
2.77	1.1169172818099	2.7996529095319
2.78	1.1172856410664	2.807666272145
2.79	1.1176455911711	2.8156744128619
2.8	1.1179971144633	2.8236774573215
2.81	1.1183401937339	2.8316755310608
2.82	1.1186748122231	2.8396687595158
2.83	1.1190009536187	2.8476572680241
2.84	1.1193186020545	2.855641181826
2.85	1.119627742108	2.8636206260669
2.86	1.1199283587992	2.871595725799
2.87	1.1202204375884	2.8795666059833
2.88	1.1205039643749	2.8875333914915
2.89	1.1207789254952	2.8954962071084
2.9	1.1210453077218	2.9034551775338
2.91	1.121303098261	2.9114104273848
2.92	1.1215522847522	2.9193620811979
2.93	1.1217928552659	2.9273102634313
2.94	1.1220247983027	2.9352550984676
2.95	1.122248102792	2.9431967106153
2.96	1.1224627580902	2.9511352241121
2.97	1.1226687539802	2.9590707631269
2.98	1.1228660806697	2.9670034517622
2.99	1.1230547287903	2.9749334140567
3	1.1232346893963	2.982860773988
3.01	1.1234059539639	2.9907856554749
3.02	1.1235685143898	2.9987081823801
3.03	1.1237223629907	3.0066284785131
3.04	1.1238674925021	3.0145466676321
3.05	1.1240038960777	3.0224628734476
3.06	1.1241315672882	3.0303772196245
3.07	1.1242505001211	3.038289829785
3.08	1.1243606889796	3.0462008275112
3.09	1.1244621286821	3.0541103363481
3.1	1.1245548144616	3.0620184798063
3.11	1.124638741965	3.0699253813648
3.12	1.1247139072527	3.0778311644735
3.13	1.1247803067984	3.0857359525566
3.14	1.124837937488	3.093639869015
3.15	1.1248867966201	3.1015430372292
3.16	1.1249268819049	3.1094455805625
3.17	1.1249581914646	3.1173476223633
3.18	1.1249807238325	3.1252492859684
3.19	1.1249944779535	3.1331506947059
3.2	1.1249994531836	3.1410519718976
3.21	1.1249956492897	3.1489532408626
3.22	1.1249830664501	3.1568546249196
3.23	1.1249617052538	3.1647562473898
3.24	1.1249315667013	3.1726582316005
3.25	1.1248926522041	3.180560700887
3.26	1.1248449635853	3.1884637785961
3.27	1.1247885030797	3.1963675880889
3.28	1.1247232733338	3.2042722527434
3.29	1.1246492774064	3.2121778959577
3.3	1.1245665187691	3.2200846411526
3.31	1.1244750013061	3.2279926117746
3.32	1.1243747293154	3.2359019312985
3.33	1.1242657075086	3.2438127232306
3.34	1.1241479410122	3.251725111111
3.35	1.1240214353673	3.2596392185168
3.36	1.1238861965312	3.2675551690648
3.37	1.1237422308773	3.275473086414
3.38	1.1235895451962	3.2833930942684
3.39	1.1234281466967	3.29131531638
3.4	1.1232580430062	3.2992398765512
3.41	1.1230792421718	3.3071668986374
3.42	1.1228917526611	3.3150965065498
3.43	1.1226955833636	3.3230288242579
3.44	1.1224907435911	3.3309639757922
3.45	1.1222772430793	3.3389020852467
3.46	1.1220550919887	3.3468432767811
3.47	1.1218243009057	3.3547876746237
3.48	1.121584880844	3.3627354030737
3.49	1.1213368432458	3.3706865865034
3.5	1.1210801999829	3.3786413493609
3.51	1.1208149633585	3.3865998161722
3.52	1.1205411461082	3.3945621115433
3.53	1.1202587614018	3.402528360163
3.54	1.1199678228445	3.4104986868046
3.55	1.1196683444784	3.4184732163281
3.56	1.1193603407846	3.4264520736824
3.57	1.1190438266843	3.4344353839076
3.58	1.1187188175409	3.4424232721363
3.59	1.1183853291612	3.4504158635961
3.6	1.1180433777979	3.4584132836116
3.61	1.1176929801509	3.4664156576056
3.62	1.1173341533692	3.4744231111014
3.63	1.1169669150532	3.4824357697242
3.64	1.1165912832563	3.490453759203
3.65	1.116207276487	3.498477205372
3.66	1.1158149137111	3.5065062341719
3.67	1.1154142143536	3.514540971652
3.68	1.1150051983012	3.5225815439707
3.69	1.1145878859039	3.5306280773975
3.7	1.1141622979778	3.5386806983138
3.71	1.1137284558073	3.5467395332142
3.72	1.1132863811471	3.5548047087075
3.73	1.112836096225	3.5628763515178
3.74	1.1123776237439	3.5709545884852
3.75	1.1119109868846	3.5790395465666
3.76	1.1114362093083	3.5871313528367
3.77	1.1109533151589	3.5952301344882
3.78	1.1104623290657	3.6033360188325
3.79	1.1099632761462	3.6114491333005
3.8	1.1094561820086	3.6195696054423
3.81	1.1089410727547	3.6276975629278
3.82	1.1084179749823	3.6358331335467
3.83	1.1078869157886	3.6439764452085
3.84	1.1073479227724	3.6521276259426
3.85	1.1068010240375	3.660286803898
3.86	1.1062462481953	3.6684541073426
3.87	1.105683624368	3.6766296646634
3.88	1.1051131821915	3.6848136043654
3.89	1.1045349518183	3.6930060550714
3.9	1.1039489639211	3.7012071455207
3.91	1.1033552496952	3.7094170045683
3.92	1.1027538408623	3.7176357611842
3.93	1.1021447696734	3.7258635444515
3.94	1.101528068912	3.7341004835659
3.95	1.1009037718977	3.7423467078333
3.96	1.1002719124889	3.7506023466688
3.97	1.099632525087	3.7588675295947
3.98	1.0989856446389	3.7671423862385
3.99	1.0983313066411	3.775427046331
4	1.0976695471428	3.7837216397037
4.01	1.0970004027494	3.7920262962867
4.02	1.0963239106263	3.8003411461061
4.03	1.095640108502	3.8086663192809
4.04	1.094949034672	3.8170019460205
4.05	1.0942507280023	3.8253481566213
4.06	1.0935452279331	3.8337050814636
4.07	1.0928325744824	3.842072851008
4.08	1.0921128082497	3.8504515957916
4.09	1.0913859704196	3.8588414464246
4.1	1.090652102766	3.8672425335858
4.11	1.0899112476552	3.8756549880184
4.12	1.0891634480501	3.8840789405259
4.13	1.0884087475142	3.8925145219668
4.14	1.0876471902147	3.9009618632505
4.15	1.0868788209274	3.9094210953314
4.16	1.0861036850394	3.9178923492043
4.17	1.0853218285541	3.9263757558981
4.18	1.0845332980944	3.9348714464707
4.19	1.0837381409067	3.9433795520026
4.2	1.0829364048651	3.9519002035909
4.21	1.0821281384752	3.9604335323422
4.22	1.0813133908781	3.9689796693668
4.23	1.0804922118542	3.9775387457708
4.24	1.0796646518275	3.9861108926493
4.25	1.0788307618692	3.9946962410788
4.26	1.077990593702	4.0032949221093
4.27	1.0771441997041	4.0119070667563
4.28	1.0762916329128	4.0205328059925
4.29	1.075432947029	4.029172270739
4.3	1.074568196421	4.0378255918565
4.31	1.0736974361282	4.0464929001361
4.32	1.0728207218655	4.0551743262896
4.33	1.0719381100272	4.06387000094
4.34	1.0710496576908	4.072580054611
4.35	1.0701554226209	4.0813046177168
4.36	1.0692554632737	4.0900438205512
4.37	1.0683498388	4.0987977932767
4.38	1.06743860905	4.1075666659128
4.39	1.0665218345766	4.1163505683243
4.4	1.0655995766396	4.1251496302096
4.41	1.0646718972094	4.1339639810877
4.42	1.0637388589708	4.1427937502857
4.4299999999999	1.0628005253268	4.1516390669256
4.4399999999999	1.0618569604025	4.1605000599106
4.4499999999999	1.0609082290485	4.1693768579116
4.4599999999999	1.059954396845	4.1782695893527
4.4699999999999	1.0589955301049	4.1871783823964
4.4799999999999	1.0580316958779	4.1961033649288
4.4899999999999	1.0570629619539	4.2050446645444
4.4999999999999	1.0560893968663	4.2140024085296
4.5099999999999	1.0551110698957	4.2229767238473
4.5199999999999	1.0541280510731	4.2319677371196
4.5299999999999	1.0531404111834	4.2409755746112
4.5399999999999	1.0521482217684	4.2500003622118
4.5499999999999	1.0511515551304	4.2590422254184
4.5599999999999	1.0501504843351	4.2681012893165
4.5699999999999	1.0491450832144	4.2771776785622
4.5799999999999	1.0481354263701	4.2862715173621
4.5899999999999	1.0471215891759	4.2953829294545
4.5999999999999	1.0461036477811	4.3045120380887
4.6099999999999	1.0450816791126	4.3136589660051
4.6199999999999	1.0440557608781	4.3228238354138
4.6299999999999	1.0430259715683	4.3320067679731
4.6399999999999	1.0419923904593	4.341207884768
4.6499999999999	1.0409550976154	4.3504273062877
4.6599999999999	1.0399141738909	4.3596651524024
4.6699999999999	1.0388697009322	4.3689215423405
4.6799999999999	1.0378217611801	4.3781965946645
4.6899999999999	1.0367704378715	4.3874904272466
4.6999999999999	1.0357158150412	4.3968031572442
4.7099999999999	1.0346579775236	4.4061349010745
4.7199999999999	1.033597010954	4.4154857743886
4.7299999999999	1.0325330017701	4.4248558920453
4.7399999999999	1.031466037213	4.4342453680844
4.7499999999999	1.0303962053288	4.4436543156991
4.7599999999999	1.0293235949688	4.4530828472086
4.7699999999999	1.0282482957906	4.4625310740293
4.7799999999999	1.0271703982588	4.4719991066465
4.7899999999999	1.0260899936452	4.4814870545845
4.7999999999999	1.0250071740288	4.4909950263769
4.8099999999999	1.0239220322965	4.5005231295364
4.8199999999999	1.0228346621424	4.5100714705235
4.8299999999999	1.0217451580675	4.5196401547153
4.8399999999999	1.0206536153796	4.5292292863734
4.8499999999999	1.019560130192	4.5388389686114
4.8599999999999	1.018464799423	4.548469303362
4.8699999999999	1.0173677207945	4.558120391343
4.8799999999999	1.0162689928307	4.5677923320238
4.8899999999999	1.0151687148563	4.5774852235902
4.8999999999999	1.0140669869951	4.5871991629098
4.9099999999999	1.0129639101674	4.5969342454959
4.9199999999999	1.011859586088	4.6066905654715
4.9299999999999	1.0107541172636	4.6164682155326
4.9399999999999	1.0096476069897	4.6262672869109
4.9499999999999	1.0085401593477	4.6360878693362
4.9599999999999	1.0074318792017	4.6459300509981
4.9699999999999	1.0063228721943	4.6557939185072
4.9799999999999	1.0052132447432	4.665679556856
4.9899999999999	1.0041031040367	4.6755870493791
4.9999999999999	1.0029925580293	4.685516477713
5.0099999999999	1.0018817154367	4.6954679217552
5.0199999999999	1.0007706857308	4.7054414596236
5.0299999999999	0.99965957913432	4.7154371676142
5.0399999999999	0.99854850661467	4.7254551201596
5.0499999999999	0.99743757987826	4.735495389786
5.0599999999999	0.99632691136379	4.7455580470705
5.0699999999999	0.99521661423558	4.7556431605977
5.0799999999999	0.99410680237638	4.7657507969158
5.0899999999999	0.99299759037988	4.7758810204925
5.0999999999999	0.99188909354292	4.7860338936702
5.1099999999999	0.99078142785718	4.7962094766212
5.1199999999999	0.98967471000064	4.8064078273024
5.1299999999999	0.98856905732861	4.8166290014093
5.1399999999999	0.98746458786434	4.8268730523302
5.1499999999999	0.98636142028928	4.8371400310999
5.1599999999999	0.98525967393292	4.8474299863528
5.1699999999999	0.98415946876225	4.8577429642761
5.1799999999999	0.98306092537077	4.8680790085627
5.1899999999999	0.98196416496712	4.8784381603633
5.1999999999999	0.98086930936327	4.8888204582394
5.2099999999999	0.97977648096228	4.8992259381148
5.2199999999999	0.97868580274565	4.9096546332276
5.2299999999999	0.97759739826019	4.9201065740823
5.2399999999999	0.97651139160449	4.9305817884011
5.2499999999999	0.97542790741494	4.9410803010755
5.2599999999999	0.97434707085123	4.9516021341176
5.2699999999999	0.97326900758152	4.9621473066116
5.2799999999999	0.97219384376698	4.9727158346651
5.2899999999999	0.97112170604606	4.98330773136
5.2999999999999	0.9700527215181	4.9939230067045
5.3099999999999	0.96898701772661	5.0045616675838
5.3199999999999	0.96792472264198	5.0152237177119
5.3299999999999	0.96686596464378	5.0259091575831
5.3399999999999	0.96581087250254	5.0366179844236
5.3499999999999	0.964759575361	5.0473501921434
5.3599999999999	0.96371220271501	5.0581057712883
5.3699999999999	0.96266888439376	5.0688847089923
5.3799999999999	0.96162975053968	5.0796869889302
5.3899999999999	0.96059493158774	5.0905125912705
5.3999999999999	0.95956455824429	5.1013614926286
5.4099999999999	0.95853876146542	5.1122336660204
5.4199999999999	0.95751767243482	5.1231290808165
5.4299999999999	0.95650142254113	5.134047702697
5.4399999999999	0.95549014335476	5.1449894936057
5.4499999999999	0.95448396660435	5.1559544117069
5.4599999999999	0.95348302415254	5.1669424113406
5.4699999999999	0.95248744797144	5.17795344298
5.4799999999999	0.95149737011746	5.1889874531885
5.4899999999999	0.95051292270576	5.2000443845784
5.4999999999999	0.94953423788415	5.2111241757697
5.5099999999999	0.94856144780654	5.2222267613501
5.5199999999999	0.94759468460591	5.2333520718353
5.5299999999999	0.94663408036682	5.244500033631
5.5399999999999	0.94567976709738	5.2556705689955
5.5499999999999	0.94473187670089	5.2668635960026
5.5599999999999	0.9437905409469	5.2780790285071
5.5699999999999	0.9428558914419	5.2893167761099
5.5799999999999	0.94192805959949	5.3005767441248
5.5899999999999	0.94100717661025	5.3118588335471
5.5999999999999	0.94009337341099	5.3231629410223
5.6099999999999	0.93918678065377	5.3344889588166
5.6199999999999	0.93828752867441	5.3458367747895
5.6299999999999	0.93739574746058	5.3572062723664
5.6399999999999	0.9365115666196	5.3685973305135
5.6499999999999	0.93563511534576	5.3800098237142
5.6599999999999	0.93476652238733	5.3914436219466
5.6699999999999	0.93390591601322	5.4028985906629
5.6799999999999	0.93305342397924	5.4143745907705
5.6899999999999	0.93220917349411	5.4258714786143
5.6999999999999	0.9313732911851	5.4373891059612
5.7099999999999	0.93054590306338	5.4489273199866
5.7199999999999	0.92972713448911	5.4604859632615
5.7299999999999	0.92891711013623	5.4720648737431
5.7399999999999	0.92811595395699	5.483663884766
5.7499999999999	0.92732378914631	5.495282825036
5.7599999999999	0.9265407381058	5.5069215186257
5.7699999999999	0.92576692240772	5.5185797849724
5.7799999999999	0.92500246275865	5.5302574388774
5.7899999999999	0.92424747896302	5.5419542905083
5.7999999999999	0.92350208988655	5.5536701454025
5.8099999999999	0.92276641341945	5.5654048044741
5.8199999999999	0.92204056643967	5.5771580640217
5.8299999999999	0.92132466477593	5.588929715739
5.8399999999999	0.92061882317074	5.6007195467286
5.8499999999999	0.91992315524342	5.6125273395161
5.8599999999999	0.91923777345301	5.6243528720689
5.8699999999999	0.91856278906129	5.6361959178152
5.8799999999999	0.91789831209573	5.6480562456672
5.8899999999999	0.91724445131258	5.6599336200452
5.8999999999999	0.91660131415997	5.6718278009056
5.9099999999999	0.91596900674113	5.68373854377
5.9199999999999	0.91534763377776	5.6956655997578
5.9299999999999	0.91473729857352	5.7076087156211
5.9399999999999	0.91413810297771	5.7195676337811
5.9499999999999	0.91355014734912	5.7315420923688
5.9599999999999	0.91297353052018	5.7435318252667
5.9699999999999	0.91240834976126	5.7555365621537
5.9799999999999	0.91185470074536	5.7675560285526
5.9899999999999	0.91131267751301	5.7795899458799
5.9999999999999	0.91078237243753	5.7916380314978
6.0099999999999	0.91026387619069	5.8036999987698
6.0199999999999	0.90975727770873	5.8157755571177
6.0299999999999	0.90926266415871	5.8278644120816
6.0399999999999	0.90878012090546	5.8399662653823
6.0499999999999	0.90830973147883	5.8520808149864
6.0599999999999	0.90785157754155	5.8642077551735
6.0699999999999	0.90740573885751	5.876346776606
6.0799999999999	0.90697229326068	5.8884975664013
6.0899999999999	0.9065513166245	5.9006598082066
6.0999999999999	0.90614288283196	5.9128331822756
6.1099999999999	0.90574706374617	5.9250173655475
6.1199999999999	0.90536392918175	5.9372120317293
6.1299999999999	0.90499354687671	5.9494168513788
6.1399999999999	0.90463598246513	5.9616314919909
6.1499999999999	0.90429129945053	5.9738556180857
6.1599999999999	0.90395955917998	5.9860888912987
6.1699999999999	0.90364082081895	5.998330970473
6.1799999999999	0.903335141327	6.0105815117535
6.1899999999999	0.9030425754342	6.0228401686836
6.1999999999999	0.90276317561844	6.0351065923023
6.2099999999999	0.90249699208356	6.0473804312453
6.2199999999999	0.90224407273839	6.0596613318458
6.2299999999999	0.90200446317657	6.0719489382381
6.2399999999999	0.90177820665743	6.0842428924627
6.2499999999999	0.90156534408765	6.0965428345727
6.2599999999999	0.90136591400398	6.1088484027421
6.2699999999999	0.9011799525568	6.1211592333748
6.2799999999999	0.90100749349479	6.1334749612157
6.2899999999999	0.90084856815044	6.1457952194623
6.2999999999999	0.90070320542667	6.1581196398784
6.3099999999999	0.90057143178443	6.170447852908
6.3199999999999	0.9004532712313	6.1827794877906
6.3299999999999	0.90034874531118	6.1951141726775
6.3399999999999	0.90025787309494	6.2074515347486
6.3499999999999	0.90018067117226	6.2197912003303
6.3599999999999	0.90011715364437	6.2321327950141
6.3699999999999	0.90006733211799	6.2444759437749
6.3799999999999	0.9000312157003	6.2568202710912
6.3899999999999	0.90000881099496	6.2691654010646
6.3999999999999	0.90000012209927	6.2815109575397
6.4099999999999	0.90000515060237	6.2938565642248
6.4199999999999	0.90002389558457	6.306201844812
6.4299999999999	0.90005635361773	6.3185464230979
6.4399999999999	0.90010251876678	6.3308899231037
6.4499999999999	0.90016238259225	6.3432319691955
6.4599999999999	0.90023593415397	6.3555721862041
6.4699999999999	0.9003231600158	6.3679101995449
6.4799999999999	0.90042404425145	6.3802456353365
6.4899999999999	0.90053856845138	6.3925781205195
6.4999999999999	0.90066671173073	6.4049072829745
6.5099999999999	0.9008084507384	6.4172327516392
6.5199999999999	0.90096375966703	6.4295541566249
6.5299999999999	0.90113261026417	6.441871129332
6.5399999999999	0.90131497184437	6.4541833025642
6.5499999999999	0.90151081130234	6.4664903106427
6.5599999999999	0.90172009312712	6.4787917895178
6.5699999999999	0.90194277941719	6.4910873768801
6.5799999999999	0.90217882989663	6.5033767122709
6.5899999999999	0.90242820193215	6.5156594371897
6.5999999999999	0.90269085055117	6.527935195202
6.6099999999999	0.90296672846074	6.5402036320439
6.6199999999999	0.90325578606741	6.5524643957265
6.6299999999999	0.90355797149803	6.564717136638
6.6399999999999	0.9038732306213	6.5769615076436
6.6499999999999	0.90420150707034	6.5891971641845
6.6599999999999	0.90454274226598	6.6014237643746
6.6699999999999	0.90489687544086	6.613640969095
6.6799999999999	0.90526384366441	6.6258484420873
6.6899999999999	0.90564358186851	6.6380458500439
6.6999999999999	0.90603602287392	6.6502328626966
6.7099999999999	0.90644109741745	6.6624091529039
6.7199999999999	0.90685873417984	6.6745743967343
6.7299999999999	0.90728885981425	6.6867282735494
6.7399999999999	0.90773139897549	6.6988704660831
6.7499999999999	0.90818627434978	6.7110006605193
6.7599999999999	0.90865340668519	6.7231185465674
6.7699999999999	0.90913271482263	6.7352238175349
6.7799999999999	0.90962411572734	6.7473161703976
6.7899999999999	0.91012752452099	6.7593953058683
6.7999999999999	0.9106428545142	6.7714609284616
6.8099999999999	0.91117001723957	6.7835127465575
6.8199999999999	0.91170892248515	6.795550472462
6.8299999999999	0.91225947832832	6.8075738224648
6.8399999999999	0.91282159117004	6.8195825168953
6.8499999999999	0.91339516576954	6.8315762801754
6.8599999999999	0.91398010527924	6.8435548408704
6.8699999999999	0.91457631128007	6.8555179317366
6.8799999999999	0.91518368381704	6.8674652897669
6.8899999999999	0.91580212143507	6.8793966562339
6.8999999999999	0.91643152121503	6.8913117767301
6.9099999999999	0.91707177881008	6.9032104012061
6.9199999999999	0.91772278848205	6.9150922840054
6.9299999999999	0.9183844431381	6.9269571838981
6.9399999999999	0.91905663436745	6.9388048641105
6.9499999999999	0.91973925247824	6.9506350923537
6.9599999999999	0.92043218653444	6.9624476408485
6.9699999999999	0.92113532439287	6.9742422863489
6.9799999999999	0.92184855274021	6.9860188101624
6.9899999999999	0.92257175713004	6.9977769981685
6.9999999999999	0.92330482201988	7.0095166408346
7.0099999999999	0.92404763080816	7.0212375332295
7.0199999999999	0.92480006587116	7.0329394750344
7.0299999999999	0.92556200859988	7.0446222705524
7.0399999999999	0.9263333394368	7.0562857287152
7.0499999999999	0.9271139379125	7.0679296630872
7.0599999999999	0.92790368268218	7.0795538918686
7.0699999999999	0.92870245156197	7.0911582378952
7.0799999999999	0.92951012156515	7.1027425286369
7.0899999999999	0.93032656893805	7.1143065961935
7.0999999999999	0.93115166919583	7.1258502772895
7.1099999999999	0.93198529715799	7.1373734132657
7.1199999999999	0.93282732698366	7.1488758500698
7.1299999999999	0.93367763220656	7.1603574382447
7.1399999999999	0.93453608576978	7.1718180329153
7.1499999999999	0.93540256006013	7.1832574937732
7.1599999999999	0.93627692694232	7.1946756850594
7.1699999999999	0.93715905779273	7.2060724755464
7.1799999999999	0.93804882353283	7.2174477385174
7.1899999999999	0.93894609466231	7.2288013517447
7.1999999999999	0.93985074129183	7.2401331974662
7.2099999999999	0.94076263317533	7.2514431623606
7.2199999999999	0.94168163974206	7.262731137521
7.2299999999999	0.94260763012811	7.2739970184273
7.2399999999999	0.94354047320763	7.2852407049166
7.2499999999999	0.94448003762355	7.2964621011538
7.2599999999999	0.94542619181791	7.3076611155987
7.2699999999999	0.9463788040618	7.3188376609744
7.2799999999999	0.94733774248476	7.3299916542323
7.2899999999999	0.94830287510385	7.3411230165177
7.2999999999999	0.94927406985214	7.3522316731329
7.3099999999999	0.95025119460688	7.3633175535009
7.3199999999999	0.95123411721708	7.3743805911264
7.3299999999999	0.95222270553067	7.3854207235574
7.3399999999999	0.95321682742122	7.3964378923447
7.3499999999999	0.95421635081411	7.4074320430016
7.3599999999999	0.95522114371226	7.4184031249621
7.3699999999999	0.95623107422139	7.4293510915385
7.3799999999999	0.95724601057474	7.4402758998787
7.3899999999999	0.95826582115732	7.4511775109225
7.3999999999999	0.95929037452971	7.4620558893572
7.4099999999999	0.9603195394513	7.4729110035731
7.4199999999999	0.96135318490308	7.4837428256178
7.4299999999999	0.96239118010991	7.4945513311508
7.4399999999999	0.96343339456231	7.5053364993969
7.4499999999999	0.96447969803776	7.5160983130999
7.4599999999999	0.96552996062147	7.5268367584753
7.4699999999999	0.96658405272672	7.5375518251632
7.4799999999999	0.96764184511462	7.5482435061805
7.4899999999999	0.96870320891348	7.5589117978733
7.4999999999999	0.96976801563761	7.5695566998684
7.5099999999999	0.97083613720566	7.5801782150254
7.5199999999999	0.97190744595852	7.590776349388
7.5299999999999	0.97298181467663	7.6013511121358
7.5399999999999	0.97405911659698	7.6119025155353
7.5499999999999	0.97513922542945	7.6224305748915
7.5599999999999	0.97622201537281	7.632935308499
7.5699999999999	0.97730736113019	7.6434167375934
7.5799999999999	0.97839513792414	7.6538748863026
7.5899999999999	0.97948522151118	7.6643097815981
7.5999999999999	0.9805774881959	7.6747214532467
7.6099999999999	0.98167181484465	7.6851099337619
7.6199999999999	0.98276807889877	7.6954752583555
7.6299999999999	0.98386615838734	7.7058174648898
7.6399999999999	0.98496593193954	7.7161365938292
7.6499999999999	0.98606727879661	7.7264326881929
7.6599999999999	0.98717007882328	7.7367057935072
7.6699999999999	0.98827421251889	7.746955957758
7.6799999999999	0.98937956102805	7.7571832313442
7.6899999999999	0.99048600615091	7.7673876670306
7.6999999999999	0.99159343035299	7.7775693199016
7.7099999999999	0.99270171677467	7.787728247315
7.7199999999999	0.99381074924027	7.7978645088565
7.7299999999999	0.99492041226674	7.8079781662938
7.7399999999999	0.99603059107194	7.8180692835318
7.7499999999999	0.99714117158268	7.8281379265679
7.7599999999999	0.99825204044222	7.8381841634477
7.7699999999999	0.99936308501753	7.8482080642206
7.7799999999999	1.0004741934062	7.8582097008972
7.7899999999999	1.0015852544429	7.8681891474054
7.7999999999999	1.0026961577057	7.8781464795482
7.8099999999999	1.0038067935218	7.8880817749613
7.8199999999999	1.0049170529732	7.8979951130715
7.8299999999999	1.0060268279017	7.9078865750551
7.8399999999999	1.0071360109142	7.9177562437977
7.8499999999999	1.008244495387	7.9276042038531
7.8599999999999	1.00935217547	7.9374305414041
7.8699999999999	1.0104589460912	7.9472353442228
7.8799999999999	1.01156470296	7.9570187016316
7.8899999999999	1.0126693425708	7.9667807044652
7.8999999999999	1.0137727622061	7.9765214450326
7.9099999999999	1.0148748599396	7.9862410170796
7.9199999999999	1.0159755346388	7.995939515752
7.9299999999999	1.017074685967	8.0056170375595
7.9399999999999	1.0181722143861	8.0152736803398
7.9499999999999	1.0192680211582	8.0249095432229
7.9599999999999	1.0203620083471	8.034524726597
7.9699999999999	1.0214540788199	8.0441193320739
7.9799999999999	1.0225441362485	8.0536934624553
7.9899999999999	1.02363208511	8.0632472216997
7.9999999999999	1.0247178306881	8.0727807148896
8.0099999999999	1.0258012790733	8.0822940481996
8.0199999999999	1.0268823371633	8.0917873288646
8.0299999999999	1.0279609126635	8.1012606651487
8.0399999999999	1.0290369140866	8.1107141663151
8.0499999999999	1.0301102507528	8.1201479425952
8.0599999999999	1.0311808327893	8.1295621051599
8.0699999999999	1.0322485711294	8.1389567660903
8.0799999999999	1.0333133775124	8.1483320383492
8.0899999999999	1.0343751644825	8.157688035753
8.0999999999999	1.0354338453877	8.1670248729447
8.1099999999999	1.0364893343786	8.1763426653667
8.1199999999999	1.0375415464074	8.185641529234
8.1299999999999	1.0385903972259	8.1949215815092
8.1399999999999	1.0396358033847	8.2041829398762
8.1499999999999	1.0406776822305	8.2134257227156
8.1599999999999	1.0417159519053	8.2226500490805
8.1699999999999	1.0427505313434	8.2318560386722
8.1799999999999	1.0437813402701	8.2410438118169
8.1899999999999	1.0448082991991	8.2502134894428
8.1999999999999	1.0458313294304	8.2593651930574
8.2099999999999	1.0468503530477	8.2684990447257
8.2199999999999	1.0478652929157	8.2776151670487
8.2299999999999	1.0488760726782	8.2867136831418
8.2399999999999	1.0498826167546	8.2957947166148
8.2499999999999	1.0508848503376	8.3048583915515
8.2599999999999	1.0518826993899	8.3139048324897
8.2699999999999	1.0528760906417	8.3229341644022
8.2799999999999	1.0538649515874	8.3319465126781
8.2899999999999	1.0548492104825	8.340942003104
8.2999999999999	1.0558287963404	8.3499207618463
8.3099999999999	1.0568036389294	8.3588829154334
8.3199999999999	1.0577736687688	8.3678285907388
8.3299999999999	1.0587388171262	8.3767579149644
8.3399999999999	1.0596990160138	8.3856710156239
8.3499999999999	1.0606541981845	8.394568020527
8.3599999999999	1.0616042971293	8.4034490577642
8.3699999999999	1.0625492470728	8.412314255691
8.3799999999999	1.0634889829699	8.421163742914
8.3899999999999	1.0644234405025	8.4299976482757
8.3999999999999	1.0653525560752	8.4388161008411
8.4099999999999	1.0662762668118	8.4476192298839
8.4199999999999	1.0671945105518	8.4564071648731
8.4299999999999	1.0681072258461	8.4651800354604
8.4399999999999	1.0690143519535	8.4739379714675
8.4499999999999	1.0699158288368	8.4826811028738
8.4599999999999	1.0708115971587	8.4914095598047
8.4699999999999	1.0717015982782	8.5001234725201
8.4799999999999	1.0725857742466	8.5088229714032
8.4899999999999	1.0734640678032	8.5175081869494
8.4999999999999	1.074336422372	8.5261792497562
8.5099999999999	1.0752027820572	8.5348362905127
8.5199999999999	1.0760630916394	8.5434794399899
8.5299999999999	1.0769172965716	8.5521088290307
8.5399999999999	1.0777653429753	8.560724588541
8.5499999999999	1.0786071776365	8.5693268494806
8.5599999999999	1.0794427480014	8.5779157428544
8.5699999999999	1.080272002173	8.5864913997041
8.5799999999999	1.0810948889064	8.5950539510997
8.5899999999999	1.0819113576054	8.6036035281322
8.5999999999999	1.0827213583182	8.6121402619056
8.6099999999999	1.0835248417335	8.6206642835296
8.6199999999999	1.0843217591766	8.6291757241125
8.6299999999999	1.0851120626052	8.6376747147546
8.6399999999999	1.0858957046058	8.6461613865415
8.6499999999999	1.0866726383894	8.6546358705376
8.6599999999999	1.0874428177878	8.6630982977802
8.6699999999999	1.0882061972498	8.6715487992737
8.6799999999999	1.0889627318369	8.679987505984
8.6899999999999	1.0897123772197	8.6884145488328
8.6999999999999	1.0904550896742	8.6968300586927
8.7099999999999	1.0911908260775	8.7052341663824
8.7199999999999	1.0919195439044	8.7136270026616
8.7299999999999	1.0926412012234	8.7220086982268
8.7399999999999	1.093355756693	8.7303793837068
8.7499999999999	1.0940631695579	8.7387391896586
8.7599999999999	1.0947633996453	8.7470882465637
8.7699999999999	1.0954564073612	8.755426684824
8.7799999999999	1.0961421536867	8.7637546347588
8.7899999999999	1.0968206001744	8.7720722266008
8.7999999999999	1.0974917089449	8.7803795904937
8.8099999999999	1.0981554426829	8.7886768564884
8.8199999999999	1.0988117646338	8.7969641545411
8.8299999999999	1.0994606386004	8.8052416145097
8.8399999999999	1.1001020289391	8.8135093661521
8.8499999999999	1.1007359005566	8.8217675391237
8.8599999999999	1.1013622189064	8.8300162629749
8.8699999999999	1.1019809499853	8.8382556671497
8.8799999999999	1.1025920603304	8.8464858809834
8.8899999999999	1.1031955170155	8.8547070337011
8.8999999999999	1.1037912876477	8.8629192544161
8.9099999999999	1.1043793403644	8.8711226721287
8.9199999999999	1.1049596438302	8.8793174157248
8.9299999999999	1.1055321672333	8.8875036139746
8.9399999999999	1.1060968802826	8.895681395532
8.9499999999999	1.1066537532047	8.9038508889337
8.9599999999999	1.1072027567405	8.912012222598
8.9699999999999	1.1077438621427	8.9201655248249
8.9799999999999	1.1082770411724	8.928310923795
8.9899999999999	1.1088022660961	8.9364485475696
8.9999999999999	1.1093195096832	8.9445785240903
9.0099999999999	1.1098287452029	8.9527009811787
9.0199999999999	1.1103299464213	8.9608160465368
9.0299999999999	1.1108230875988	8.9689238477466
9.0399999999999	1.1113081434871	8.9770245122707
9.0499999999999	1.111785089327	8.9851181674523
9.0599999999999	1.1122539008453	8.9932049405159
9.0699999999999	1.1127145542522	9.0012849585675
9.0799999999999	1.113167026239	9.0093583485954
9.0899999999999	1.1136112939754	9.0174252374709
9.0999999999999	1.1140473351073	9.0254857519489
9.1099999999999	1.1144751277537	9.0335400186688
9.1199999999999	1.1148946505052	9.0415881641556
9.1299999999998	1.1153058824208	9.0496303148208
9.1399999999998	1.1157088030264	9.0576665969637
9.1499999999998	1.1161033923119	9.0656971367723
9.1599999999998	1.1164896307292	9.0737220603247
9.1699999999998	1.1168674991904	9.0817414935905
9.1799999999998	1.1172369790649	9.0897555624323
9.1899999999998	1.1175980521782	9.0977643926068
9.1999999999998	1.1179507008093	9.105768109767
9.2099999999998	1.1182949076887	9.113766839463
9.2199999999998	1.118630655997	9.1217607071444
9.2299999999998	1.1189579293624	9.1297498381617
9.2399999999998	1.1192767118592	9.1377343577682
9.2499999999998	1.1195869880058	9.1457143911219
9.2599999999998	1.1198887427632	9.1536900632871
9.2699999999998	1.1201819615332	9.161661499237
9.2799999999998	1.1204666301565	9.1696288238551
9.2899999999998	1.1207427349115	9.1775921619376
9.2999999999998	1.1210102625125	9.1855516381956
9.3099999999998	1.121269200108	9.193507377257
9.3199999999998	1.1215195352797	9.2014595036691
9.3299999999998	1.1217612560407	9.2094081419003
9.3399999999998	1.1219943508344	9.217353416343
9.3499999999998	1.1222188085328	9.2252954513157
9.3599999999998	1.1224346184356	9.2332343710654
9.3699999999998	1.1226417702687	9.2411702997698
9.3799999999998	1.1228402541834	9.2491033615403
9.3899999999998	1.1230300607547	9.257033680424
9.3999999999998	1.1232111809806	9.2649613804063
9.4099999999998	1.1233836062809	9.272886585414
9.4199999999998	1.1235473284965	9.2808094193169
9.4299999999998	1.123702339888	9.2887300059314
9.4399999999998	1.123848633135	9.2966484690227
9.4499999999998	1.1239862013355	9.3045649323072
9.4599999999998	1.1241150380047	9.3124795194558
9.4699999999998	1.1242351370744	9.3203923540963
9.4799999999998	1.1243464928925	9.3283035598159
9.4899999999998	1.1244491002219	9.3362132601646
9.4999999999998	1.1245429542404	9.3441215786572
9.5099999999998	1.1246280505397	9.3520286387768
9.5199999999998	1.1247043851251	9.3599345639772
9.5299999999998	1.124771954415	9.3678394776856
9.5399999999998	1.1248307552405	9.375743503306
9.5499999999998	1.1248807848451	9.3836467642215
9.5599999999998	1.1249220408842	9.3915493837973
9.5699999999998	1.1249545214248	9.3994514853839
9.5799999999998	1.1249782249457	9.4073531923193
9.5899999999998	1.1249931503366	9.4152546279326
9.5999999999998	1.1249992968987	9.4231559155464
9.6099999999998	1.1249966643443	9.4310571784799
9.6199999999998	1.1249852527965	9.4389585400517
9.6299999999998	1.1249650627897	9.4468601235826
9.6399999999998	1.1249360952694	9.4547620523987
9.6499999999998	1.1248983515923	9.4626644498342
9.6599999999998	1.1248518335266	9.4705674392342
9.6699999999998	1.1247965432521	9.4784711439578
9.6799999999998	1.1247324833603	9.4863756873804
9.6899999999998	1.1246596568552	9.4942811928974
9.6999999999998	1.124578067153	9.5021877839263
9.7099999999998	1.124487718083	9.5100955839101
9.7199999999998	1.1243886138879	9.5180047163196
9.7299999999998	1.1242807592243	9.5259153046568
9.7399999999998	1.1241641591629	9.533827472457
9.7499999999998	1.1240388191898	9.5417413432924
9.7599999999998	1.1239047452065	9.5496570407742
9.7699999999998	1.123761943531	9.5575746885556
9.7799999999998	1.1236104208981	9.5654944103346
9.7899999999998	1.1234501844609	9.5734163298565
9.7999999999998	1.1232812417906	9.5813405709167
9.8099999999998	1.1231036008785	9.5892672573636
9.8199999999998	1.122917270136	9.5971965131008
9.8299999999998	1.1227222583962	9.6051284620898
9.8399999999998	1.1225185749146	9.6130632283528
9.8499999999998	1.1223062293701	9.6210009359751
9.8599999999998	1.1220852318666	9.6289417091077
9.8699999999998	1.1218555929336	9.6368856719694
9.8799999999998	1.1216173235276	9.64483294885
9.8899999999998	1.1213704350335	9.6527836641117
9.8999999999998	1.121114939266	9.6607379421925
9.9099999999998	1.1208508484705	9.6686959076078
9.9199999999998	1.1205781753248	9.6766576849529
9.9299999999998	1.1202969329406	9.6846233989053
9.9399999999998	1.120007134865	9.6925931742269
9.9499999999998	1.1197087950819	9.7005671357661
9.9599999999998	1.1194019280135	9.7085454084598
9.9699999999998	1.1190865485222	9.7165281173357
9.9799999999998	1.1187626719123	9.7245153875141
9.9899999999998	1.1184303139315	9.7325073442099
9.9999999999998	1.1180894907728	9.7405041127343
