#t	zeta	theta
0	0.9	0
0.032330113	0.8913079	0.19386871
0.064660227	0.88406611	0.4081421
0.09699034	0.87844706	0.6394697
0.12932045	0.87460445	0.88423942
0.16165057	0.87267097	1.1386315
0.19398068	0.87275628	1.3986758
0.22631079	0.87494535	1.6603117
0.25864091	0.87929716	1.9194497
0.29097102	0.88584374	2.1720333
0.32330113	0.89458962	2.4141014
0.35563125	0.90551168	2.6418486
0.38796136	0.9185593	2.8516837
0.42029147	0.93365506	3.0402859
0.45262159	0.95069563	3.2046556
0.4849517	0.96955321	3.342162
0.51728181	0.9900771	3.4505841
0.54961193	1.0120958	3.5281465
0.58194204	1.0354191	3.5735481
0.61427215	1.059841	3.5859836
0.64660227	1.0851419	3.5651581
0.67893238	1.111092	3.5112936
0.71126249	1.1374538	3.4251279
0.7435926	1.1639857	3.3079053
0.77592272	1.1904451	3.1613608
0.80825283	1.2165909	2.9876951
0.84058294	1.2421875	2.7895447
0.87291306	1.2670069	2.5699431
0.90524317	1.2908322	2.3322781
0.93757328	1.3134598	2.080242
0.9699034	1.3347019	1.8177785
1.0022335	1.354389	1.5490248
1.0345636	1.3723712	1.2782512
1.0668937	1.3885202	1.0097987
1.0992239	1.4027307	0.74801503
1.131554	1.4149207	0.49719137
1.1638841	1.4250327	0.26149884
1.1962142	1.4330335	0.04492756
1.2285443	1.4389144	-0.14877197
1.2608744	1.4426903	-0.31614388
1.2932045	1.4443996	-0.45407756
1.3255346	1.4441021	-0.55985316
1.3578648	1.4418786	-0.63118126
1.3901949	1.4378285	-0.66623624
1.422525	1.4320685	-0.66368269
1.4548551	1.4247299	-0.62269461
1.4871852	1.4159569	-0.54296715
1.5195153	1.4059037	-0.42472055
1.5518454	1.3947327	-0.26869654
1.5841755	1.3826111	-0.076147035
1.6165057	1.3697094	0.15118461
1.6488358	1.3561979	0.41108936
1.6811659	1.3422453	0.70092499
1.713496	1.3280154	1.0176548
1.7458261	1.3136657	1.3578917
1.7781562	1.2993452	1.7179473
1.8104863	1.2851924	2.0938853
1.8428165	1.2713342	2.4815773
1.8751466	1.2578841	2.8767624
1.9074767	1.2449415	3.2751068
1.9398068	1.232591	3.6722649
1.9721369	1.2209017	4.0639401
2.004467	1.2099269	4.4459436
2.0367971	1.1997049	4.8142519
2.0691272	1.1902584	5.1650603
2.1014574	1.1815958	5.494834
2.1337875	1.1737119	5.8003533
2.1661176	1.1665887	6.0787543
2.1984477	1.1601973	6.3275638
2.2307778	1.1544986	6.5447279
2.2631079	1.1494455	6.7286339
2.295438	1.1449843	6.8781256
2.3277682	1.1410565	6.992511
2.3600983	1.1376006	7.0715636
2.3924284	1.1345539	7.1155164
2.4247585	1.1318545	7.1250488
2.4570886	1.1294424	7.101267
2.4894187	1.127262	7.0456789
2.5217488	1.1252627	6.9601623
2.5540789	1.1234007	6.8469282
2.5864091	1.1216401	6.7084805
2.6187392	1.1199537	6.5475705
2.6510693	1.1183237	6.3671493
2.6833994	1.1167424	6.1703177
2.7157295	1.1152122	5.960275
2.7480596	1.1137456	5.7402661
2.7803897	1.1123652	5.5135308
2.8127199	1.111103	5.2832522
2.84505	1.1099994	5.0525086
2.8773801	1.1091031	4.8242275
2.9097102	1.1084689	4.6011423
2.9420403	1.1081572	4.3857547
2.9743704	1.1082321	4.1803004
3.0067005	1.1087599	3.9867202
3.0390306	1.1098076	3.8066373
3.0713608	1.1114408	3.6413399
3.1036909	1.1137222	3.4917699
3.136021	1.1167097	3.3585184
3.1683511	1.1204545	3.2418264
3.2006812	1.125	3.1415927
