#t	zeta	theta
0	0.9	0
0.032330113	0.90363941	0.051203871
0.064660227	0.90736857	0.10358198
0.09699034	0.91118484	0.15705733
0.12932045	0.91508576	0.21155777
0.16165057	0.919069	0.26701618
0.19398068	0.92313236	0.32337069
0.22631079	0.92727376	0.38056466
0.25864091	0.93149118	0.4385466
0.29097102	0.93578266	0.49726998
0.32330113	0.94014626	0.55669288
0.35563125	0.94458004	0.61677762
0.38796136	0.94908202	0.67749022
0.42029147	0.95365013	0.73879983
0.45262159	0.95828221	0.80067806
0.4849517	0.96297593	0.8630983
0.51728181	0.96772882	0.92603494
0.54961193	0.97253817	0.98946263
0.58194204	0.97740104	1.0533555
0.61427215	0.98231424	1.1176862
0.64660227	0.98727428	1.1824257
0.67893238	0.99227736	1.2475417
0.71126249	0.99731937	1.3129989
0.7435926	1.0023958	1.3787576
0.77592272	1.007502	1.4447738
0.80825283	1.0126326	1.5109984
0.84058294	1.0177822	1.5773769
0.87291306	1.022945	1.6438496
0.90524317	1.0281148	1.7103508
0.93757328	1.0332851	1.7768092
0.9699034	1.0384492	1.8431481
1.0022335	1.0436001	1.9092855
1.0345636	1.0487304	1.9751345
1.0668937	1.0538328	2.0406037
1.0992239	1.0588997	2.1055978
1.131554	1.0639233	2.1700184
1.1638841	1.0688958	2.2337644
1.1962142	1.0738095	2.2967334
1.2285443	1.0786565	2.3588221
1.2608744	1.0834292	2.4199274
1.2932045	1.0881198	2.4799472
1.3255346	1.0927211	2.5387819
1.3578648	1.0972258	2.5963347
1.3901949	1.101627	2.6525129
1.422525	1.1059179	2.7072291
1.4548551	1.1100924	2.7604013
1.4871852	1.1141444	2.8119545
1.5195153	1.1180685	2.861821
1.5518454	1.1218596	2.909941
1.5841755	1.1255131	2.9562633
1.6165057	1.1290248	3.0007456
1.6488358	1.1323913	3.0433548
1.6811659	1.1356092	3.0840672
1.713496	1.138676	3.1228683
1.7458261	1.1415897	3.1597528
1.7781562	1.1443485	3.1947244
1.8104863	1.1469514	3.2277954
1.8428165	1.1493976	3.2589858
1.8751466	1.1516869	3.2883231
1.9074767	1.1538195	3.3158414
1.9398068	1.1557959	3.3415802
1.9721369	1.1576169	3.3655839
2.004467	1.1592839	3.3879003
2.0367971	1.1607981	3.40858
2.0691272	1.1621614	3.4276745
2.1014574	1.1633754	3.4452361
2.1337875	1.1644422	3.4613155
2.1661176	1.1653638	3.4759615
2.1984477	1.1661424	3.4892197
2.2307778	1.1667799	3.501131
2.2631079	1.1672786	3.5117312
2.295438	1.1676403	3.5210495
2.3277682	1.1678669	3.529108
2.3600983	1.1679602	3.5359211
2.3924284	1.1679218	3.5414945
2.4247585	1.1677531	3.545825
2.4570886	1.1674551	3.5489005
2.4894187	1.167029	3.5506993
2.5217488	1.1664754	3.5511905
2.5540789	1.1657948	3.5503342
2.5864091	1.1649876	3.5480817
2.6187392	1.1640538	3.5443762
2.6510693	1.1629934	3.5391531
2.6833994	1.1618059	3.5323414
2.7157295	1.1604909	3.5238642
2.7480596	1.1590479	3.5136401
2.7803897	1.157476	3.501584
2.8127199	1.1557745	3.4876088
2.84505	1.1539425	3.4716263
2.8773801	1.1519792	3.4535491
2.9097102	1.1498837	3.4332918
2.9420403	1.1476552	3.4107723
2.9743704	1.1452931	3.3859137
3.0067005	1.1427968	3.3586451
3.0390306	1.1401661	3.3289036
3.0713608	1.1374008	3.2966352
3.1036909	1.1345009	3.2617961
3.136021	1.131467	3.2243539
3.1683511	1.1282997	3.1842884
3.2006812	1.125	3.1415927
