#t	zeta	theta
0	0.9	0
0.032006812118304	0.9005634541638	0.041069831024736
0.064013624236609	0.90130535926862	0.082009231169389
0.096020436354913	0.9022088273792	0.12275966421929
0.12802724847322	0.90325790597831	0.16327493569246
0.16003406059152	0.904437710707	0.20352024844499
0.19204087270983	0.9057345338582	0.24347118041444
0.22404768482813	0.90713592806489	0.28311260431452
0.25605449694643	0.90863076502121	0.32243756902939
0.28806130906474	0.91020926946469	0.36144616209092
0.32006812118304	0.9118630290241	0.40014437197092
0.35207493330135	0.91358498089536	0.43854296800056
0.38408174541965	0.91536937664093	0.47665641456338
0.41608855753796	0.9172117267128	0.51450183482127
0.44809536965626	0.91910872657005	0.55209803765296
0.48010218177456	0.92105816649603	0.58946461974311
0.51210899389287	0.92305882741398	0.62662115288933
0.54411580601117	0.92511036515161	0.66358646462924
0.57612261812948	0.92721318571214	0.70037801826391
0.60812943024778	0.92936831417186	0.73701139630466
0.64013624236609	0.93157725984119	0.77349988933047
0.67214305448439	0.93384188029873	0.80985419024818
0.7041498666027	0.93616424683676	0.84608219203012
0.736156678721	0.93854651374461	0.88218888519304
0.7681634908393	0.94099079370505	0.91817634960827
0.80017030295761	0.94349904139266	0.95404383371984
0.83217711507591	0.94607294714487	0.98978791291726
0.86418392719422	0.94871384233078	1.0254027176818
0.89619073931252	0.95142261777497	1.0608802212137
0.92819755143083	0.95419965630707	1.0962105755621
0.96020436354913	0.95704478020989	1.1313824848306
0.99221117566743	0.95995721403307	1.1663836038128
1.0242179877857	0.96293556293232	1.2012009504336
1.056224799904	0.96597780639062	1.2358213206161
1.0882316120223	0.96908130688381	1.2702316946591
1.1202384241407	0.9722428327724	1.3044196248756
1.152245236259	0.97545859444031	1.3383735951003
1.1842520483773	0.97872429246337	1.3720833436908
1.2162588604956	0.98203517637936	1.405540142815
1.2482656726139	0.98538611245162	1.438737028095
1.2802724847322	0.98877165867175	1.4716689740545
1.3122792968505	0.99218614513624	1.504333012248
1.3442861089688	0.99562375785902	1.536728290419
1.3762929210871	0.999078624047	1.5688560725082
1.4082997332054	1.0025448968701	1.6007196807721
1.4403065453237	1.0060168377995	1.6323243826697
1.472313357442	1.009488894667	1.6636772264789
1.5043201695603	1.0129557737148	1.6947868308075
1.5363269816786	1.0164125040515	1.725663134236
1.5683337937969	1.01985449311	1.7563171122458
1.6003406059152	1.023277571907	1.7867604693393
1.6323474180335	1.0266780291324	1.8170053148251
1.6643542301518	1.030052633344	1.8470638311125
1.6963610422701	1.0333986427998	1.8769479435325
1.7283678543884	1.0367138027346	1.9066690006683
1.7603746665067	1.0399963301553	1.9362374739391
1.792381478625	1.0432448865047	1.9656626847467
1.8243882907433	1.0464585388078	1.9949525668611
1.8563951028617	1.0496367101676	2.0241134709199
1.88840191498	1.0527791207177	2.0531500169387
1.9204087270983	1.0558857203552	2.0820649996168
1.9524155392166	1.0589566147688	2.1108593499835
1.9844223513349	1.0619919864443	2.1395321555883
2.0164291634532	1.0649920124585	2.1680807400305
2.0484359755715	1.067956780973	2.1965008011625
2.0804427876898	1.0708862084009	2.2247866058307
2.1124495998081	1.0737799592397	2.2529312375552
2.1444564119264	1.0766373705532	2.2809268921318
2.1764632240447	1.0794573830273	2.3087652147949
2.208470036163	1.0822384804341	2.3364376713302
2.2404768482813	1.0849786392086	2.3639359444087
2.2724836603996	1.0876752896786	2.3912523454425
2.3044904725179	1.0903252902898	2.4183802314675
2.3364972846362	1.0929249159447	2.4453144159538
2.3685040967545	1.0954698613187	2.4720515620513
2.4005109088728	1.0979552597448	2.4985905466026
2.4325177209911	1.1003757179691	2.5249327833128
2.4645245331094	1.1027253667749	2.5510824937569
2.4965313452277	1.1049979271643	2.5770469154315
2.528538157346	1.1071867914788	2.6028364368168
2.5605449694643	1.1092851185289	2.6284646503954
2.5925517815826	1.1112859415118	2.6539483157703
2.624558593701	1.1131822872086	2.6793072264139
2.6565654058193	1.1149673046953	2.7045639751451
2.6885722179376	1.1166344015623	2.7297436151549
2.7205790300559	1.1181773854316	2.7548732152429
2.7525858421742	1.1195906083847	2.779981309876
2.7845926542925	1.120869111781	2.8050972466882
2.8165994664108	1.1220087688473	2.8302504360879
2.8486062785291	1.1230064223676	2.8554695096808
2.8806130906474	1.1238600147911	2.8807813962248
2.9126199027657	1.1245687081134	2.9062103257702
2.944626714884	1.1251329909681	2.931776774468
2.9766335270023	1.1255547704898	2.9574963642201
3.0086403391206	1.1258374466842	2.9833787328639
3.0406471512389	1.1259859672487	3.0094263919001
3.0726539633572	1.126006861043	3.0356335898595
3.1046607754755	1.1259082486921	3.0619852002383
3.1366675875938	1.1256998291273	3.0884556534903
3.1686743997121	1.1253928412164	3.1150079328332
3.2006812118304	1.125	3.1415926535898
